TS 1776790303.009325313 2026-04-21 16:51:43
 259       0 nvme0n1 25218 34922 488418 4449 17 13 240 0 0 2896 4450 0 0 0 0 0 0
 259       1 nvme0n1p1 25103 34922 484866 4444 17 13 240 0 0 2998 4444 0 0 0 0 0 0
   8      16 sdb 98927 139534 9965987 73675 2181195 1028711 142324152 1061496 0 240671 1182863 0 0 0 0 1059596 47691
   8      17 sdb1 98795 139534 9960859 73658 2181195 1028711 142324152 1061496 0 251968 1135154 0 0 0 0 0 0
   8       0 sda 2698120 1136166 451552172 40077480 555082690 197371177 8860619706 374096874 0 19437476 414174354 0 0 0 0 0 0
   8       1 sda1 65 0 520 53 0 0 0 0 0 55 53 0 0 0 0 0 0
   8       2 sda2 911 1178 333703 10104 75 0 82 24 0 1482 10129 0 0 0 0 0 0
   8       3 sda3 15872 1 1510065 49229 208 15 7896 15 0 19133 49244 0 0 0 0 0 0
   8       4 sda4 501245 645 167492582 15567426 4234453 359761 118206664 1519434 0 3972485 17086861 0 0 0 0 0 0
   8       5 sda5 84 0 6240 214 0 0 0 0 0 206 214 0 0 0 0 0 0
   8       6 sda6 2179858 1134342 282205758 24450176 550847954 197011401 8742405064 372577399 1 22518528 397027576 0 0 0 0 0 0
 253       0 dm-0 260068 0 166987809 9817665 4534525 0 118206664 2339020 0 10290838 12156685 0 0 0 0 0 0
 253       1 dm-1 3312470 0 282203056 46825543 747859355 0 8742405064 1661847131 1 24337290 1708672674 0 0 0 0 0 0
   7       0 loop0 1987 0 11616 365 0 0 0 0 0 310 365 0 0 0 0 0 0
   7       2 loop2 2570 0 14810 378 0 0 0 0 0 278 378 0 0 0 0 0 0
   7       1 loop1 2790 0 20628 829 0 0 0 0 0 814 829 0 0 0 0 0 0
   7       3 loop3 1972 0 11600 357 0 0 0 0 0 262 357 0 0 0 0 0 0
   7       4 loop4 598 0 4686 954 0 0 0 0 0 344 954 0 0 0 0 0 0
   7       5 loop5 1000 0 33472 1101 0 0 0 0 0 1005 1101 0 0 0 0 0 0
   7       6 loop6 73 0 828 192 0 0 0 0 0 165 192 0 0 0 0 0 0
   7       7 loop7 104 0 3142 285 0 0 0 0 0 284 285 0 0 0 0 0 0
   7       8 loop8 39 0 258 93 0 0 0 0 0 88 93 0 0 0 0 0 0
   7       9 loop9 116 0 6708 261 0 0 0 0 0 238 261 0 0 0 0 0 0
 253       2 dm-2 236602 0 9958178 445687 3209906 0 142324152 332101941 0 268276 332547628 0 0 0 0 0 0
   7      10 loop10 69 0 2434 2 0 0 0 0 0 2 2 0 0 0 0 0 0
   7      11 loop11 11 0 28 0 0 0 0 0 0 0 0 0 0 0 0 0 0
TS 1776790304.008711008 2026-04-21 16:51:44
 259       0 nvme0n1 25218 34922 488418 4449 17 13 240 0 0 2896 4450 0 0 0 0 0 0
 259       1 nvme0n1p1 25103 34922 484866 4444 17 13 240 0 0 2998 4444 0 0 0 0 0 0
   8      16 sdb 98927 139534 9965987 73675 2181195 1028711 142324152 1061496 0 240671 1182863 0 0 0 0 1059596 47691
   8      17 sdb1 98795 139534 9960859 73658 2181195 1028711 142324152 1061496 0 251968 1135154 0 0 0 0 0 0
   8       0 sda 2698120 1136166 451552172 40077480 555086465 197371756 8860736058 374098073 0 19438347 414175553 0 0 0 0 0 0
   8       1 sda1 65 0 520 53 0 0 0 0 0 55 53 0 0 0 0 0 0
   8       2 sda2 911 1178 333703 10104 75 0 82 24 0 1482 10129 0 0 0 0 0 0
   8       3 sda3 15872 1 1510065 49229 208 15 7896 15 0 19133 49244 0 0 0 0 0 0
   8       4 sda4 501245 645 167492582 15567426 4234469 359761 118206904 1519434 0 3972485 17086861 0 0 0 0 0 0
   8       5 sda5 84 0 6240 214 0 0 0 0 0 206 214 0 0 0 0 0 0
   8       6 sda6 2179858 1134342 282205758 24450176 550851713 197011980 8742521176 372578598 1 22519491 397028775 0 0 0 0 0 0
 253       0 dm-0 260068 0 166987809 9817665 4534541 0 118206904 2339020 0 10290838 12156685 0 0 0 0 0 0
 253       1 dm-1 3312470 0 282203056 46825543 747863693 0 8742521176 1661848437 1 24338277 1708673980 0 0 0 0 0 0
   7       0 loop0 1987 0 11616 365 0 0 0 0 0 310 365 0 0 0 0 0 0
   7       2 loop2 2570 0 14810 378 0 0 0 0 0 278 378 0 0 0 0 0 0
   7       1 loop1 2790 0 20628 829 0 0 0 0 0 814 829 0 0 0 0 0 0
   7       3 loop3 1972 0 11600 357 0 0 0 0 0 262 357 0 0 0 0 0 0
   7       4 loop4 598 0 4686 954 0 0 0 0 0 344 954 0 0 0 0 0 0
   7       5 loop5 1000 0 33472 1101 0 0 0 0 0 1005 1101 0 0 0 0 0 0
   7       6 loop6 73 0 828 192 0 0 0 0 0 165 192 0 0 0 0 0 0
   7       7 loop7 104 0 3142 285 0 0 0 0 0 284 285 0 0 0 0 0 0
   7       8 loop8 39 0 258 93 0 0 0 0 0 88 93 0 0 0 0 0 0
   7       9 loop9 116 0 6708 261 0 0 0 0 0 238 261 0 0 0 0 0 0
 253       2 dm-2 236602 0 9958178 445687 3209906 0 142324152 332101941 0 268276 332547628 0 0 0 0 0 0
   7      10 loop10 69 0 2434 2 0 0 0 0 0 2 2 0 0 0 0 0 0
   7      11 loop11 11 0 28 0 0 0 0 0 0 0 0 0 0 0 0 0 0
TS 1776790305.008582787 2026-04-21 16:51:45
 259       0 nvme0n1 25218 34922 488418 4449 17 13 240 0 0 2896 4450 0 0 0 0 0 0
 259       1 nvme0n1p1 25103 34922 484866 4444 17 13 240 0 0 2998 4444 0 0 0 0 0 0
   8      16 sdb 98927 139534 9965987 73675 2181195 1028711 142324152 1061496 0 240671 1182863 0 0 0 0 1059596 47691
   8      17 sdb1 98795 139534 9960859 73658 2181195 1028711 142324152 1061496 0 251968 1135154 0 0 0 0 0 0
   8       0 sda 2698120 1136166 451552172 40077480 555089176 197372196 8860818170 374099184 0 19439145 414176665 0 0 0 0 0 0
   8       1 sda1 65 0 520 53 0 0 0 0 0 55 53 0 0 0 0 0 0
   8       2 sda2 911 1178 333703 10104 75 0 82 24 0 1482 10129 0 0 0 0 0 0
   8       3 sda3 15872 1 1510065 49229 208 15 7896 15 0 19133 49244 0 0 0 0 0 0
   8       4 sda4 501245 645 167492582 15567426 4234484 359761 118207144 1519435 0 3972485 17086862 0 0 0 0 0 0
   8       5 sda5 84 0 6240 214 0 0 0 0 0 206 214 0 0 0 0 0 0
   8       6 sda6 2179858 1134342 282205758 24450176 550854409 197012420 8742603048 372579708 1 22520470 397029885 0 0 0 0 0 0
 253       0 dm-0 260068 0 166987809 9817665 4534556 0 118207144 2339020 0 10290838 12156685 0 0 0 0 0 0
 253       1 dm-1 3312470 0 282203056 46825543 747866829 0 8742603048 1661849600 1 24339265 1708675143 0 0 0 0 0 0
   7       0 loop0 1987 0 11616 365 0 0 0 0 0 310 365 0 0 0 0 0 0
   7       2 loop2 2570 0 14810 378 0 0 0 0 0 278 378 0 0 0 0 0 0
   7       1 loop1 2790 0 20628 829 0 0 0 0 0 814 829 0 0 0 0 0 0
   7       3 loop3 1972 0 11600 357 0 0 0 0 0 262 357 0 0 0 0 0 0
   7       4 loop4 598 0 4686 954 0 0 0 0 0 344 954 0 0 0 0 0 0
   7       5 loop5 1000 0 33472 1101 0 0 0 0 0 1005 1101 0 0 0 0 0 0
   7       6 loop6 73 0 828 192 0 0 0 0 0 165 192 0 0 0 0 0 0
   7       7 loop7 104 0 3142 285 0 0 0 0 0 284 285 0 0 0 0 0 0
   7       8 loop8 39 0 258 93 0 0 0 0 0 88 93 0 0 0 0 0 0
   7       9 loop9 116 0 6708 261 0 0 0 0 0 238 261 0 0 0 0 0 0
 253       2 dm-2 236602 0 9958178 445687 3209906 0 142324152 332101941 0 268276 332547628 0 0 0 0 0 0
   7      10 loop10 69 0 2434 2 0 0 0 0 0 2 2 0 0 0 0 0 0
   7      11 loop11 11 0 28 0 0 0 0 0 0 0 0 0 0 0 0 0 0
TS 1776790306.009043416 2026-04-21 16:51:46
 259       0 nvme0n1 25218 34922 488418 4449 17 13 240 0 0 2896 4450 0 0 0 0 0 0
 259       1 nvme0n1p1 25103 34922 484866 4444 17 13 240 0 0 2998 4444 0 0 0 0 0 0
   8      16 sdb 98927 139534 9965987 73675 2181199 1028713 142324192 1061496 0 240671 1182864 0 0 0 0 1059599 47692
   8      17 sdb1 98795 139534 9960859 73658 2181199 1028713 142324192 1061496 0 251968 1135154 0 0 0 0 0 0
   8       0 sda 2698120 1136166 451552172 40077480 555093162 197372954 8860937530 374100349 0 19439925 414177829 0 0 0 0 0 0
   8       1 sda1 65 0 520 53 0 0 0 0 0 55 53 0 0 0 0 0 0
   8       2 sda2 911 1178 333703 10104 75 0 82 24 0 1482 10129 0 0 0 0 0 0
   8       3 sda3 15872 1 1510065 49229 208 15 7896 15 0 19133 49244 0 0 0 0 0 0
   8       4 sda4 501245 645 167492582 15567426 4234538 359771 118208320 1519453 0 3972486 17086880 0 0 0 0 0 0
   8       5 sda5 84 0 6240 214 0 0 0 0 0 206 214 0 0 0 0 0 0
   8       6 sda6 2179858 1134342 282205758 24450176 550858341 197013168 8742721232 372580855 1 22521429 397031032 0 0 0 0 0 0
 253       0 dm-0 260068 0 166987809 9817665 4534620 0 118208320 2339021 0 10290839 12156686 0 0 0 0 0 0
 253       1 dm-1 3312470 0 282203056 46825543 747871509 0 8742721232 1661850847 1 24340237 1708676390 0 0 0 0 0 0
   7       0 loop0 1987 0 11616 365 0 0 0 0 0 310 365 0 0 0 0 0 0
   7       2 loop2 2570 0 14810 378 0 0 0 0 0 278 378 0 0 0 0 0 0
   7       1 loop1 2790 0 20628 829 0 0 0 0 0 814 829 0 0 0 0 0 0
   7       3 loop3 1972 0 11600 357 0 0 0 0 0 262 357 0 0 0 0 0 0
   7       4 loop4 598 0 4686 954 0 0 0 0 0 344 954 0 0 0 0 0 0
   7       5 loop5 1000 0 33472 1101 0 0 0 0 0 1005 1101 0 0 0 0 0 0
   7       6 loop6 73 0 828 192 0 0 0 0 0 165 192 0 0 0 0 0 0
   7       7 loop7 104 0 3142 285 0 0 0 0 0 284 285 0 0 0 0 0 0
   7       8 loop8 39 0 258 93 0 0 0 0 0 88 93 0 0 0 0 0 0
   7       9 loop9 116 0 6708 261 0 0 0 0 0 238 261 0 0 0 0 0 0
 253       2 dm-2 236602 0 9958178 445687 3209912 0 142324192 332101941 0 268276 332547628 0 0 0 0 0 0
   7      10 loop10 69 0 2434 2 0 0 0 0 0 2 2 0 0 0 0 0 0
   7      11 loop11 11 0 28 0 0 0 0 0 0 0 0 0 0 0 0 0 0
TS 1776790307.008741865 2026-04-21 16:51:47
 259       0 nvme0n1 25218 34922 488418 4449 17 13 240 0 0 2896 4450 0 0 0 0 0 0
 259       1 nvme0n1p1 25103 34922 484866 4444 17 13 240 0 0 2998 4444 0 0 0 0 0 0
   8      16 sdb 98927 139534 9965987 73675 2181199 1028713 142324192 1061496 0 240671 1182864 0 0 0 0 1059599 47692
   8      17 sdb1 98795 139534 9960859 73658 2181199 1028713 142324192 1061496 0 251968 1135154 0 0 0 0 0 0
   8       0 sda 2698120 1136166 451552172 40077480 555098295 197373897 8861096154 374101533 0 19440736 414179014 0 0 0 0 0 0
   8       1 sda1 65 0 520 53 0 0 0 0 0 55 53 0 0 0 0 0 0
   8       2 sda2 911 1178 333703 10104 75 0 82 24 0 1482 10129 0 0 0 0 0 0
   8       3 sda3 15872 1 1510065 49229 208 15 7896 15 0 19133 49244 0 0 0 0 0 0
   8       4 sda4 501245 645 167492582 15567426 4234552 359771 118208560 1519453 0 3972486 17086880 0 0 0 0 0 0
   8       5 sda5 84 0 6240 214 0 0 0 0 0 206 214 0 0 0 0 0 0
   8       6 sda6 2179858 1134342 282205758 24450176 550863460 197014111 8742879616 372582039 1 22522376 397032216 0 0 0 0 0 0
 253       0 dm-0 260068 0 166987809 9817665 4534634 0 118208560 2339021 0 10290839 12156686 0 0 0 0 0 0
 253       1 dm-1 3312470 0 282203056 46825543 747877571 0 8742879616 1661852148 1 24341207 1708677691 0 0 0 0 0 0
   7       0 loop0 1987 0 11616 365 0 0 0 0 0 310 365 0 0 0 0 0 0
   7       2 loop2 2570 0 14810 378 0 0 0 0 0 278 378 0 0 0 0 0 0
   7       1 loop1 2790 0 20628 829 0 0 0 0 0 814 829 0 0 0 0 0 0
   7       3 loop3 1972 0 11600 357 0 0 0 0 0 262 357 0 0 0 0 0 0
   7       4 loop4 598 0 4686 954 0 0 0 0 0 344 954 0 0 0 0 0 0
   7       5 loop5 1000 0 33472 1101 0 0 0 0 0 1005 1101 0 0 0 0 0 0
   7       6 loop6 73 0 828 192 0 0 0 0 0 165 192 0 0 0 0 0 0
   7       7 loop7 104 0 3142 285 0 0 0 0 0 284 285 0 0 0 0 0 0
   7       8 loop8 39 0 258 93 0 0 0 0 0 88 93 0 0 0 0 0 0
   7       9 loop9 116 0 6708 261 0 0 0 0 0 238 261 0 0 0 0 0 0
 253       2 dm-2 236602 0 9958178 445687 3209912 0 142324192 332101941 0 268276 332547628 0 0 0 0 0 0
   7      10 loop10 69 0 2434 2 0 0 0 0 0 2 2 0 0 0 0 0 0
   7      11 loop11 11 0 28 0 0 0 0 0 0 0 0 0 0 0 0 0 0
TS 1776790308.009174174 2026-04-21 16:51:48
 259       0 nvme0n1 25218 34922 488418 4449 17 13 240 0 0 2896 4450 0 0 0 0 0 0
 259       1 nvme0n1p1 25103 34922 484866 4444 17 13 240 0 0 2998 4444 0 0 0 0 0 0
   8      16 sdb 98927 139534 9965987 73675 2181199 1028713 142324192 1061496 0 240671 1182864 0 0 0 0 1059599 47692
   8      17 sdb1 98795 139534 9960859 73658 2181199 1028713 142324192 1061496 0 251968 1135154 0 0 0 0 0 0
   8       0 sda 2698120 1136166 451552172 40077480 555101287 197374651 8861183154 374102609 0 19441455 414180090 0 0 0 0 0 0
   8       1 sda1 65 0 520 53 0 0 0 0 0 55 53 0 0 0 0 0 0
   8       2 sda2 911 1178 333703 10104 75 0 82 24 0 1482 10129 0 0 0 0 0 0
   8       3 sda3 15872 1 1510065 49229 208 15 7896 15 0 19133 49244 0 0 0 0 0 0
   8       4 sda4 501245 645 167492582 15567426 4234566 359771 118208784 1519454 0 3972486 17086881 0 0 0 0 0 0
   8       5 sda5 84 0 6240 214 0 0 0 0 0 206 214 0 0 0 0 0 0
   8       6 sda6 2179858 1134342 282205758 24450176 550866438 197014865 8742966392 372583115 1 22523333 397033292 0 0 0 0 0 0
 253       0 dm-0 260068 0 166987809 9817665 4534648 0 118208784 2339021 0 10290839 12156686 0 0 0 0 0 0
 253       1 dm-1 3312470 0 282203056 46825543 747881303 0 8742966392 1661853309 1 24342185 1708678852 0 0 0 0 0 0
   7       0 loop0 1987 0 11616 365 0 0 0 0 0 310 365 0 0 0 0 0 0
   7       2 loop2 2570 0 14810 378 0 0 0 0 0 278 378 0 0 0 0 0 0
   7       1 loop1 2790 0 20628 829 0 0 0 0 0 814 829 0 0 0 0 0 0
   7       3 loop3 1972 0 11600 357 0 0 0 0 0 262 357 0 0 0 0 0 0
   7       4 loop4 598 0 4686 954 0 0 0 0 0 344 954 0 0 0 0 0 0
   7       5 loop5 1000 0 33472 1101 0 0 0 0 0 1005 1101 0 0 0 0 0 0
   7       6 loop6 73 0 828 192 0 0 0 0 0 165 192 0 0 0 0 0 0
   7       7 loop7 104 0 3142 285 0 0 0 0 0 284 285 0 0 0 0 0 0
   7       8 loop8 39 0 258 93 0 0 0 0 0 88 93 0 0 0 0 0 0
   7       9 loop9 116 0 6708 261 0 0 0 0 0 238 261 0 0 0 0 0 0
 253       2 dm-2 236602 0 9958178 445687 3209912 0 142324192 332101941 0 268276 332547628 0 0 0 0 0 0
   7      10 loop10 69 0 2434 2 0 0 0 0 0 2 2 0 0 0 0 0 0
   7      11 loop11 11 0 28 0 0 0 0 0 0 0 0 0 0 0 0 0 0
TS 1776790309.008965856 2026-04-21 16:51:49
 259       0 nvme0n1 25218 34922 488418 4449 17 13 240 0 0 2896 4450 0 0 0 0 0 0
 259       1 nvme0n1p1 25103 34922 484866 4444 17 13 240 0 0 2998 4444 0 0 0 0 0 0
   8      16 sdb 98927 139534 9965987 73675 2181199 1028713 142324192 1061496 0 240671 1182864 0 0 0 0 1059599 47692
   8      17 sdb1 98795 139534 9960859 73658 2181199 1028713 142324192 1061496 0 251968 1135154 0 0 0 0 0 0
   8       0 sda 2698120 1136166 451552172 40077480 555105587 197375572 8861300266 374103826 0 19442002 414181307 0 0 0 0 0 0
   8       1 sda1 65 0 520 53 0 0 0 0 0 55 53 0 0 0 0 0 0
   8       2 sda2 911 1178 333703 10104 75 0 82 24 0 1482 10129 0 0 0 0 0 0
   8       3 sda3 15872 1 1510065 49229 208 15 7896 15 0 19133 49244 0 0 0 0 0 0
   8       4 sda4 501245 645 167492582 15567426 4234580 359771 118209008 1519454 0 3972486 17086881 0 0 0 0 0 0
   8       5 sda5 84 0 6240 214 0 0 0 0 0 206 214 0 0 0 0 0 0
   8       6 sda6 2179858 1134342 282205758 24450176 550870724 197015786 8743083280 372584331 1 22524283 397034508 0 0 0 0 0 0
 253       0 dm-0 260068 0 166987809 9817665 4534662 0 118209008 2339021 0 10290839 12156686 0 0 0 0 0 0
 253       1 dm-1 3312470 0 282203056 46825543 747886510 0 8743083280 1661854717 1 24343150 1708680260 0 0 0 0 0 0
   7       0 loop0 1987 0 11616 365 0 0 0 0 0 310 365 0 0 0 0 0 0
   7       2 loop2 2570 0 14810 378 0 0 0 0 0 278 378 0 0 0 0 0 0
   7       1 loop1 2790 0 20628 829 0 0 0 0 0 814 829 0 0 0 0 0 0
   7       3 loop3 1972 0 11600 357 0 0 0 0 0 262 357 0 0 0 0 0 0
   7       4 loop4 598 0 4686 954 0 0 0 0 0 344 954 0 0 0 0 0 0
   7       5 loop5 1000 0 33472 1101 0 0 0 0 0 1005 1101 0 0 0 0 0 0
   7       6 loop6 73 0 828 192 0 0 0 0 0 165 192 0 0 0 0 0 0
   7       7 loop7 104 0 3142 285 0 0 0 0 0 284 285 0 0 0 0 0 0
   7       8 loop8 39 0 258 93 0 0 0 0 0 88 93 0 0 0 0 0 0
   7       9 loop9 116 0 6708 261 0 0 0 0 0 238 261 0 0 0 0 0 0
 253       2 dm-2 236602 0 9958178 445687 3209912 0 142324192 332101941 0 268276 332547628 0 0 0 0 0 0
   7      10 loop10 69 0 2434 2 0 0 0 0 0 2 2 0 0 0 0 0 0
   7      11 loop11 11 0 28 0 0 0 0 0 0 0 0 0 0 0 0 0 0
TS 1776790310.009161651 2026-04-21 16:51:50
 259       0 nvme0n1 25218 34922 488418 4449 17 13 240 0 0 2896 4450 0 0 0 0 0 0
 259       1 nvme0n1p1 25103 34922 484866 4444 17 13 240 0 0 2998 4444 0 0 0 0 0 0
   8      16 sdb 98927 139534 9965987 73675 2181199 1028713 142324192 1061496 0 240671 1182864 0 0 0 0 1059599 47692
   8      17 sdb1 98795 139534 9960859 73658 2181199 1028713 142324192 1061496 0 251968 1135154 0 0 0 0 0 0
   8       0 sda 2698120 1136166 451552172 40077480 555111388 197376536 8861468170 374104663 0 19442691 414182144 0 0 0 0 0 0
   8       1 sda1 65 0 520 53 0 0 0 0 0 55 53 0 0 0 0 0 0
   8       2 sda2 911 1178 333703 10104 75 0 82 24 0 1482 10129 0 0 0 0 0 0
   8       3 sda3 15872 1 1510065 49229 208 15 7896 15 0 19133 49244 0 0 0 0 0 0
   8       4 sda4 501245 645 167492582 15567426 4234596 359771 118209256 1519457 0 3972488 17086884 0 0 0 0 0 0
   8       5 sda5 84 0 6240 214 0 0 0 0 0 206 214 0 0 0 0 0 0
   8       6 sda6 2179858 1134342 282205758 24450176 550876509 197016750 8743250936 372585166 1 22525207 397035343 0 0 0 0 0 0
 253       0 dm-0 260068 0 166987809 9817665 4534678 0 118209256 2339023 0 10290841 12156688 0 0 0 0 0 0
 253       1 dm-1 3312470 0 282203056 46825543 747893259 0 8743250936 1661855733 1 24344100 1708681276 0 0 0 0 0 0
   7       0 loop0 1987 0 11616 365 0 0 0 0 0 310 365 0 0 0 0 0 0
   7       2 loop2 2570 0 14810 378 0 0 0 0 0 278 378 0 0 0 0 0 0
   7       1 loop1 2790 0 20628 829 0 0 0 0 0 814 829 0 0 0 0 0 0
   7       3 loop3 1972 0 11600 357 0 0 0 0 0 262 357 0 0 0 0 0 0
   7       4 loop4 598 0 4686 954 0 0 0 0 0 344 954 0 0 0 0 0 0
   7       5 loop5 1000 0 33472 1101 0 0 0 0 0 1005 1101 0 0 0 0 0 0
   7       6 loop6 73 0 828 192 0 0 0 0 0 165 192 0 0 0 0 0 0
   7       7 loop7 104 0 3142 285 0 0 0 0 0 284 285 0 0 0 0 0 0
   7       8 loop8 39 0 258 93 0 0 0 0 0 88 93 0 0 0 0 0 0
   7       9 loop9 116 0 6708 261 0 0 0 0 0 238 261 0 0 0 0 0 0
 253       2 dm-2 236602 0 9958178 445687 3209912 0 142324192 332101941 0 268276 332547628 0 0 0 0 0 0
   7      10 loop10 69 0 2434 2 0 0 0 0 0 2 2 0 0 0 0 0 0
   7      11 loop11 11 0 28 0 0 0 0 0 0 0 0 0 0 0 0 0 0
TS 1776790311.009116146 2026-04-21 16:51:51
 259       0 nvme0n1 25218 34922 488418 4449 17 13 240 0 0 2896 4450 0 0 0 0 0 0
 259       1 nvme0n1p1 25103 34922 484866 4444 17 13 240 0 0 2998 4444 0 0 0 0 0 0
   8      16 sdb 98927 139534 9965987 73675 2181199 1028713 142324192 1061496 0 240671 1182864 0 0 0 0 1059599 47692
   8      17 sdb1 98795 139534 9960859 73658 2181199 1028713 142324192 1061496 0 251968 1135154 0 0 0 0 0 0
   8       0 sda 2698120 1136166 451552172 40077480 555115300 197377291 8861584570 374106142 0 19443332 414183623 0 0 0 0 0 0
   8       1 sda1 65 0 520 53 0 0 0 0 0 55 53 0 0 0 0 0 0
   8       2 sda2 911 1178 333703 10104 75 0 82 24 0 1482 10129 0 0 0 0 0 0
   8       3 sda3 15872 1 1510065 49229 208 15 7896 15 0 19133 49244 0 0 0 0 0 0
   8       4 sda4 501245 645 167492582 15567426 4234610 359771 118209488 1519458 0 3972489 17086885 0 0 0 0 0 0
   8       5 sda5 84 0 6240 214 0 0 0 0 0 206 214 0 0 0 0 0 0
   8       6 sda6 2179858 1134342 282205758 24450176 550880407 197017505 8743367104 372586644 1 22526165 397036821 0 0 0 0 0 0
 253       0 dm-0 260068 0 166987809 9817665 4534692 0 118209488 2339024 0 10290842 12156689 0 0 0 0 0 0
 253       1 dm-1 3312470 0 282203056 46825543 747897912 0 8743367104 1661857297 1 24345081 1708682840 0 0 0 0 0 0
   7       0 loop0 1987 0 11616 365 0 0 0 0 0 310 365 0 0 0 0 0 0
   7       2 loop2 2570 0 14810 378 0 0 0 0 0 278 378 0 0 0 0 0 0
   7       1 loop1 2790 0 20628 829 0 0 0 0 0 814 829 0 0 0 0 0 0
   7       3 loop3 1972 0 11600 357 0 0 0 0 0 262 357 0 0 0 0 0 0
   7       4 loop4 598 0 4686 954 0 0 0 0 0 344 954 0 0 0 0 0 0
   7       5 loop5 1000 0 33472 1101 0 0 0 0 0 1005 1101 0 0 0 0 0 0
   7       6 loop6 73 0 828 192 0 0 0 0 0 165 192 0 0 0 0 0 0
   7       7 loop7 104 0 3142 285 0 0 0 0 0 284 285 0 0 0 0 0 0
   7       8 loop8 39 0 258 93 0 0 0 0 0 88 93 0 0 0 0 0 0
   7       9 loop9 116 0 6708 261 0 0 0 0 0 238 261 0 0 0 0 0 0
 253       2 dm-2 236602 0 9958178 445687 3209912 0 142324192 332101941 0 268276 332547628 0 0 0 0 0 0
   7      10 loop10 69 0 2434 2 0 0 0 0 0 2 2 0 0 0 0 0 0
   7      11 loop11 11 0 28 0 0 0 0 0 0 0 0 0 0 0 0 0 0
TS 1776790312.009189528 2026-04-21 16:51:52
 259       0 nvme0n1 25218 34922 488418 4449 17 13 240 0 0 2896 4450 0 0 0 0 0 0
 259       1 nvme0n1p1 25103 34922 484866 4444 17 13 240 0 0 2998 4444 0 0 0 0 0 0
   8      16 sdb 98927 139534 9965987 73675 2181202 1028716 142324232 1061496 0 240671 1182864 0 0 0 0 1059602 47692
   8      17 sdb1 98795 139534 9960859 73658 2181202 1028716 142324232 1061496 0 251968 1135154 0 0 0 0 0 0
   8       0 sda 2698120 1136166 451552172 40077480 555119442 197378041 8861709682 374107227 0 19443997 414184708 0 0 0 0 0 0
   8       1 sda1 65 0 520 53 0 0 0 0 0 55 53 0 0 0 0 0 0
   8       2 sda2 911 1178 333703 10104 75 0 82 24 0 1482 10129 0 0 0 0 0 0
   8       3 sda3 15872 1 1510065 49229 208 15 7896 15 0 19133 49244 0 0 0 0 0 0
   8       4 sda4 501245 645 167492582 15567426 4234626 359771 118209744 1519459 0 3972489 17086886 0 0 0 0 0 0
   8       5 sda5 84 0 6240 214 0 0 0 0 0 206 214 0 0 0 0 0 0
   8       6 sda6 2179858 1134342 282205758 24450176 550884533 197018255 8743491960 372587728 1 22527128 397037904 0 0 0 0 0 0
 253       0 dm-0 260068 0 166987809 9817665 4534708 0 118209744 2339024 0 10290842 12156689 0 0 0 0 0 0
 253       1 dm-1 3312470 0 282203056 46825543 747902788 0 8743491960 1661858508 1 24346059 1708684051 0 0 0 0 0 0
   7       0 loop0 1987 0 11616 365 0 0 0 0 0 310 365 0 0 0 0 0 0
   7       2 loop2 2570 0 14810 378 0 0 0 0 0 278 378 0 0 0 0 0 0
   7       1 loop1 2790 0 20628 829 0 0 0 0 0 814 829 0 0 0 0 0 0
   7       3 loop3 1972 0 11600 357 0 0 0 0 0 262 357 0 0 0 0 0 0
   7       4 loop4 598 0 4686 954 0 0 0 0 0 344 954 0 0 0 0 0 0
   7       5 loop5 1000 0 33472 1101 0 0 0 0 0 1005 1101 0 0 0 0 0 0
   7       6 loop6 73 0 828 192 0 0 0 0 0 165 192 0 0 0 0 0 0
   7       7 loop7 104 0 3142 285 0 0 0 0 0 284 285 0 0 0 0 0 0
   7       8 loop8 39 0 258 93 0 0 0 0 0 88 93 0 0 0 0 0 0
   7       9 loop9 116 0 6708 261 0 0 0 0 0 238 261 0 0 0 0 0 0
 253       2 dm-2 236602 0 9958178 445687 3209918 0 142324232 332101941 0 268276 332547628 0 0 0 0 0 0
   7      10 loop10 69 0 2434 2 0 0 0 0 0 2 2 0 0 0 0 0 0
   7      11 loop11 11 0 28 0 0 0 0 0 0 0 0 0 0 0 0 0 0
TS 1776790313.009133339 2026-04-21 16:51:53
 259       0 nvme0n1 25218 34922 488418 4449 17 13 240 0 0 2896 4450 0 0 0 0 0 0
 259       1 nvme0n1p1 25103 34922 484866 4444 17 13 240 0 0 2998 4444 0 0 0 0 0 0
   8      16 sdb 98927 139534 9965987 73675 2181202 1028716 142324232 1061496 0 240671 1182864 0 0 0 0 1059602 47692
   8      17 sdb1 98795 139534 9960859 73658 2181202 1028716 142324232 1061496 0 251968 1135154 0 0 0 0 0 0
   8       0 sda 2698123 1136166 451552196 40077511 555126759 197379381 8861907146 374108344 0 19444493 414185856 0 0 0 0 0 0
   8       1 sda1 65 0 520 53 0 0 0 0 0 55 53 0 0 0 0 0 0
   8       2 sda2 911 1178 333703 10104 75 0 82 24 0 1482 10129 0 0 0 0 0 0
   8       3 sda3 15872 1 1510065 49229 208 15 7896 15 0 19133 49244 0 0 0 0 0 0
   8       4 sda4 501245 645 167492582 15567426 4234641 359772 118210040 1519462 0 3972491 17086888 0 0 0 0 0 0
   8       5 sda5 84 0 6240 214 0 0 0 0 0 206 214 0 0 0 0 0 0
   8       6 sda6 2179861 1134342 282205782 24450207 550891835 197019594 8743689128 372588842 2 22528051 397039050 0 0 0 0 0 0
 253       0 dm-0 260068 0 166987809 9817665 4534724 0 118210040 2339026 0 10290844 12156691 0 0 0 0 0 0
 253       1 dm-1 3312473 0 282203080 46825574 747911429 0 8743689128 1661859770 2 24347009 1708685344 0 0 0 0 0 0
   7       0 loop0 1987 0 11616 365 0 0 0 0 0 310 365 0 0 0 0 0 0
   7       2 loop2 2570 0 14810 378 0 0 0 0 0 278 378 0 0 0 0 0 0
   7       1 loop1 2790 0 20628 829 0 0 0 0 0 814 829 0 0 0 0 0 0
   7       3 loop3 1972 0 11600 357 0 0 0 0 0 262 357 0 0 0 0 0 0
   7       4 loop4 598 0 4686 954 0 0 0 0 0 344 954 0 0 0 0 0 0
   7       5 loop5 1000 0 33472 1101 0 0 0 0 0 1005 1101 0 0 0 0 0 0
   7       6 loop6 73 0 828 192 0 0 0 0 0 165 192 0 0 0 0 0 0
   7       7 loop7 104 0 3142 285 0 0 0 0 0 284 285 0 0 0 0 0 0
   7       8 loop8 39 0 258 93 0 0 0 0 0 88 93 0 0 0 0 0 0
   7       9 loop9 116 0 6708 261 0 0 0 0 0 238 261 0 0 0 0 0 0
 253       2 dm-2 236602 0 9958178 445687 3209918 0 142324232 332101941 0 268276 332547628 0 0 0 0 0 0
   7      10 loop10 69 0 2434 2 0 0 0 0 0 2 2 0 0 0 0 0 0
   7      11 loop11 11 0 28 0 0 0 0 0 0 0 0 0 0 0 0 0 0
TS 1776790314.009495904 2026-04-21 16:51:54
 259       0 nvme0n1 25218 34922 488418 4449 17 13 240 0 0 2896 4450 0 0 0 0 0 0
 259       1 nvme0n1p1 25103 34922 484866 4444 17 13 240 0 0 2998 4444 0 0 0 0 0 0
   8      16 sdb 98927 139534 9965987 73675 2181202 1028716 142324232 1061496 0 240671 1182864 0 0 0 0 1059602 47692
   8      17 sdb1 98795 139534 9960859 73658 2181202 1028716 142324232 1061496 0 251968 1135154 0 0 0 0 0 0
   8       0 sda 2698128 1136166 451552236 40078730 555131397 197380504 8862056538 374109352 0 19445434 414188083 0 0 0 0 0 0
   8       1 sda1 65 0 520 53 0 0 0 0 0 55 53 0 0 0 0 0 0
   8       2 sda2 911 1178 333703 10104 75 0 82 24 0 1482 10129 0 0 0 0 0 0
   8       3 sda3 15872 1 1510065 49229 208 15 7896 15 0 19133 49244 0 0 0 0 0 0
   8       4 sda4 501245 645 167492582 15567426 4234655 359772 118210264 1519462 0 3972492 17086889 0 0 0 0 0 0
   8       5 sda5 84 0 6240 214 0 0 0 0 0 206 214 0 0 0 0 0 0
   8       6 sda6 2179866 1134342 282205822 24451427 550896459 197020717 8743838296 372589849 2 22529052 397041276 0 0 0 0 0 0
 253       0 dm-0 260068 0 166987809 9817665 4534738 0 118210264 2339027 0 10290845 12156692 0 0 0 0 0 0
 253       1 dm-1 3312478 0 282203120 46826794 747917176 0 8743838296 1661863741 2 24348010 1708690535 0 0 0 0 0 0
   7       0 loop0 1987 0 11616 365 0 0 0 0 0 310 365 0 0 0 0 0 0
   7       2 loop2 2570 0 14810 378 0 0 0 0 0 278 378 0 0 0 0 0 0
   7       1 loop1 2790 0 20628 829 0 0 0 0 0 814 829 0 0 0 0 0 0
   7       3 loop3 1972 0 11600 357 0 0 0 0 0 262 357 0 0 0 0 0 0
   7       4 loop4 598 0 4686 954 0 0 0 0 0 344 954 0 0 0 0 0 0
   7       5 loop5 1000 0 33472 1101 0 0 0 0 0 1005 1101 0 0 0 0 0 0
   7       6 loop6 73 0 828 192 0 0 0 0 0 165 192 0 0 0 0 0 0
   7       7 loop7 104 0 3142 285 0 0 0 0 0 284 285 0 0 0 0 0 0
   7       8 loop8 39 0 258 93 0 0 0 0 0 88 93 0 0 0 0 0 0
   7       9 loop9 116 0 6708 261 0 0 0 0 0 238 261 0 0 0 0 0 0
 253       2 dm-2 236602 0 9958178 445687 3209918 0 142324232 332101941 0 268276 332547628 0 0 0 0 0 0
   7      10 loop10 69 0 2434 2 0 0 0 0 0 2 2 0 0 0 0 0 0
   7      11 loop11 11 0 28 0 0 0 0 0 0 0 0 0 0 0 0 0 0
TS 1776790315.009264491 2026-04-21 16:51:55
 259       0 nvme0n1 25218 34922 488418 4449 17 13 240 0 0 2896 4450 0 0 0 0 0 0
 259       1 nvme0n1p1 25103 34922 484866 4444 17 13 240 0 0 2998 4444 0 0 0 0 0 0
   8      16 sdb 98927 139534 9965987 73675 2181202 1028716 142324232 1061496 0 240671 1182864 0 0 0 0 1059602 47692
   8      17 sdb1 98795 139534 9960859 73658 2181202 1028716 142324232 1061496 0 251968 1135154 0 0 0 0 0 0
   8       0 sda 2698132 1136166 451552268 40078765 555139907 197382479 8862309970 374111019 0 19446173 414189784 0 0 0 0 0 0
   8       1 sda1 65 0 520 53 0 0 0 0 0 55 53 0 0 0 0 0 0
   8       2 sda2 911 1178 333703 10104 75 0 82 24 0 1482 10129 0 0 0 0 0 0
   8       3 sda3 15872 1 1510065 49229 208 15 7896 15 0 19133 49244 0 0 0 0 0 0
   8       4 sda4 501245 645 167492582 15567426 4234672 359772 118210584 1519463 0 3972492 17086890 0 0 0 0 0 0
   8       5 sda5 84 0 6240 214 0 0 0 0 0 206 214 0 0 0 0 0 0
   8       6 sda6 2179870 1134342 282205854 24451461 550904953 197022692 8744091408 372591515 1 22529960 397042977 0 0 0 0 0 0
 253       0 dm-0 260068 0 166987809 9817665 4534755 0 118210584 2339032 0 10290850 12156697 0 0 0 0 0 0
 253       1 dm-1 3312482 0 282203152 46826829 747927645 0 8744091408 1661865673 1 24348949 1708692502 0 0 0 0 0 0
   7       0 loop0 1987 0 11616 365 0 0 0 0 0 310 365 0 0 0 0 0 0
   7       2 loop2 2570 0 14810 378 0 0 0 0 0 278 378 0 0 0 0 0 0
   7       1 loop1 2790 0 20628 829 0 0 0 0 0 814 829 0 0 0 0 0 0
   7       3 loop3 1972 0 11600 357 0 0 0 0 0 262 357 0 0 0 0 0 0
   7       4 loop4 598 0 4686 954 0 0 0 0 0 344 954 0 0 0 0 0 0
   7       5 loop5 1000 0 33472 1101 0 0 0 0 0 1005 1101 0 0 0 0 0 0
   7       6 loop6 73 0 828 192 0 0 0 0 0 165 192 0 0 0 0 0 0
   7       7 loop7 104 0 3142 285 0 0 0 0 0 284 285 0 0 0 0 0 0
   7       8 loop8 39 0 258 93 0 0 0 0 0 88 93 0 0 0 0 0 0
   7       9 loop9 116 0 6708 261 0 0 0 0 0 238 261 0 0 0 0 0 0
 253       2 dm-2 236602 0 9958178 445687 3209918 0 142324232 332101941 0 268276 332547628 0 0 0 0 0 0
   7      10 loop10 69 0 2434 2 0 0 0 0 0 2 2 0 0 0 0 0 0
   7      11 loop11 11 0 28 0 0 0 0 0 0 0 0 0 0 0 0 0 0
TS 1776790316.009331242 2026-04-21 16:51:56
 259       0 nvme0n1 25218 34922 488418 4449 17 13 240 0 0 2896 4450 0 0 0 0 0 0
 259       1 nvme0n1p1 25103 34922 484866 4444 17 13 240 0 0 2998 4444 0 0 0 0 0 0
   8      16 sdb 98927 139534 9965987 73675 2181206 1028716 142324264 1061497 0 240671 1182864 0 0 0 0 1059602 47692
   8      17 sdb1 98795 139534 9960859 73658 2181206 1028716 142324264 1061497 0 251968 1135155 0 0 0 0 0 0
   8       0 sda 2698132 1136166 451552268 40078765 555157486 197385454 8862698810 374112127 0 19446725 414190892 0 0 0 0 0 0
   8       1 sda1 65 0 520 53 0 0 0 0 0 55 53 0 0 0 0 0 0
   8       2 sda2 911 1178 333703 10104 75 0 82 24 0 1482 10129 0 0 0 0 0 0
   8       3 sda3 15872 1 1510065 49229 208 15 7896 15 0 19133 49244 0 0 0 0 0 0
   8       4 sda4 501245 645 167492582 15567426 4234688 359772 118210848 1519465 0 3972492 17086892 0 0 0 0 0 0
   8       5 sda5 84 0 6240 214 0 0 0 0 0 206 214 0 0 0 0 0 0
   8       6 sda6 2179870 1134342 282205854 24451461 550922515 197025667 8744479984 372592621 1 22530688 397044083 0 0 0 0 0 0
 253       0 dm-0 260068 0 166987809 9817665 4534771 0 118210848 2339032 0 10290850 12156697 0 0 0 0 0 0
 253       1 dm-1 3312482 0 282203152 46826829 747948182 0 8744479984 1661867149 1 24349786 1708693978 0 0 0 0 0 0
   7       0 loop0 1987 0 11616 365 0 0 0 0 0 310 365 0 0 0 0 0 0
   7       2 loop2 2570 0 14810 378 0 0 0 0 0 278 378 0 0 0 0 0 0
   7       1 loop1 2790 0 20628 829 0 0 0 0 0 814 829 0 0 0 0 0 0
   7       3 loop3 1972 0 11600 357 0 0 0 0 0 262 357 0 0 0 0 0 0
   7       4 loop4 598 0 4686 954 0 0 0 0 0 344 954 0 0 0 0 0 0
   7       5 loop5 1000 0 33472 1101 0 0 0 0 0 1005 1101 0 0 0 0 0 0
   7       6 loop6 73 0 828 192 0 0 0 0 0 165 192 0 0 0 0 0 0
   7       7 loop7 104 0 3142 285 0 0 0 0 0 284 285 0 0 0 0 0 0
   7       8 loop8 39 0 258 93 0 0 0 0 0 88 93 0 0 0 0 0 0
   7       9 loop9 116 0 6708 261 0 0 0 0 0 238 261 0 0 0 0 0 0
 253       2 dm-2 236602 0 9958178 445687 3209922 0 142324264 332101941 0 268276 332547628 0 0 0 0 0 0
   7      10 loop10 69 0 2434 2 0 0 0 0 0 2 2 0 0 0 0 0 0
   7      11 loop11 11 0 28 0 0 0 0 0 0 0 0 0 0 0 0 0 0
TS 1776790317.009278281 2026-04-21 16:51:57
 259       0 nvme0n1 25218 34922 488418 4449 17 13 240 0 0 2896 4450 0 0 0 0 0 0
 259       1 nvme0n1p1 25103 34922 484866 4444 17 13 240 0 0 2998 4444 0 0 0 0 0 0
   8      16 sdb 98927 139534 9965987 73675 2181210 1028724 142324352 1061497 0 240671 1182865 0 0 0 0 1059605 47692
   8      17 sdb1 98795 139534 9960859 73658 2181210 1028724 142324352 1061497 0 251968 1135155 0 0 0 0 0 0
   8       0 sda 2698132 1136166 451552268 40078765 555161849 197386264 8862828714 374113161 0 19447464 414191926 0 0 0 0 0 0
   8       1 sda1 65 0 520 53 0 0 0 0 0 55 53 0 0 0 0 0 0
   8       2 sda2 911 1178 333703 10104 75 0 82 24 0 1482 10129 0 0 0 0 0 0
   8       3 sda3 15872 1 1510065 49229 208 15 7896 15 0 19133 49244 0 0 0 0 0 0
   8       4 sda4 501245 645 167492582 15567426 4234702 359772 118211072 1519466 0 3972492 17086892 0 0 0 0 0 0
   8       5 sda5 84 0 6240 214 0 0 0 0 0 206 214 0 0 0 0 0 0
   8       6 sda6 2179870 1134342 282205854 24451461 550926864 197026477 8744609664 372593655 1 22531637 397045116 0 0 0 0 0 0
 253       0 dm-0 260068 0 166987809 9817665 4534785 0 118211072 2339032 0 10290850 12156697 0 0 0 0 0 0
 253       1 dm-1 3312482 0 282203152 46826829 747953341 0 8744609664 1661868302 1 24350754 1708695131 0 0 0 0 0 0
   7       0 loop0 1987 0 11616 365 0 0 0 0 0 310 365 0 0 0 0 0 0
   7       2 loop2 2570 0 14810 378 0 0 0 0 0 278 378 0 0 0 0 0 0
   7       1 loop1 2790 0 20628 829 0 0 0 0 0 814 829 0 0 0 0 0 0
   7       3 loop3 1972 0 11600 357 0 0 0 0 0 262 357 0 0 0 0 0 0
   7       4 loop4 598 0 4686 954 0 0 0 0 0 344 954 0 0 0 0 0 0
   7       5 loop5 1000 0 33472 1101 0 0 0 0 0 1005 1101 0 0 0 0 0 0
   7       6 loop6 73 0 828 192 0 0 0 0 0 165 192 0 0 0 0 0 0
   7       7 loop7 104 0 3142 285 0 0 0 0 0 284 285 0 0 0 0 0 0
   7       8 loop8 39 0 258 93 0 0 0 0 0 88 93 0 0 0 0 0 0
   7       9 loop9 116 0 6708 261 0 0 0 0 0 238 261 0 0 0 0 0 0
 253       2 dm-2 236602 0 9958178 445687 3209934 0 142324352 332101941 0 268276 332547628 0 0 0 0 0 0
   7      10 loop10 69 0 2434 2 0 0 0 0 0 2 2 0 0 0 0 0 0
   7      11 loop11 11 0 28 0 0 0 0 0 0 0 0 0 0 0 0 0 0
TS 1776790318.009575229 2026-04-21 16:51:58
 259       0 nvme0n1 25218 34922 488418 4449 17 13 240 0 0 2896 4450 0 0 0 0 0 0
 259       1 nvme0n1p1 25103 34922 484866 4444 17 13 240 0 0 2998 4444 0 0 0 0 0 0
   8      16 sdb 98927 139534 9965987 73675 2181210 1028724 142324352 1061497 0 240671 1182865 0 0 0 0 1059605 47692
   8      17 sdb1 98795 139534 9960859 73658 2181210 1028724 142324352 1061497 0 251968 1135155 0 0 0 0 0 0
   8       0 sda 2698132 1136166 451552268 40078765 555165287 197386913 8862923586 374114347 0 19447873 414193112 0 0 0 0 0 0
   8       1 sda1 65 0 520 53 0 0 0 0 0 55 53 0 0 0 0 0 0
   8       2 sda2 911 1178 333703 10104 75 0 82 24 0 1482 10129 0 0 0 0 0 0
   8       3 sda3 15872 1 1510065 49229 208 15 7896 15 0 19133 49244 0 0 0 0 0 0
   8       4 sda4 501245 645 167492582 15567426 4234718 359772 118211312 1519466 0 3972492 17086893 0 0 0 0 0 0
   8       5 sda5 84 0 6240 214 0 0 0 0 0 206 214 0 0 0 0 0 0
   8       6 sda6 2179870 1134342 282205854 24451461 550930286 197027126 8744704296 372594840 1 22532609 397046302 0 0 0 0 0 0
 253       0 dm-0 260068 0 166987809 9817665 4534801 0 118211312 2339032 0 10290850 12156697 0 0 0 0 0 0
 253       1 dm-1 3312482 0 282203152 46826829 747957412 0 8744704296 1661869585 1 24351740 1708696414 0 0 0 0 0 0
   7       0 loop0 1987 0 11616 365 0 0 0 0 0 310 365 0 0 0 0 0 0
   7       2 loop2 2570 0 14810 378 0 0 0 0 0 278 378 0 0 0 0 0 0
   7       1 loop1 2790 0 20628 829 0 0 0 0 0 814 829 0 0 0 0 0 0
   7       3 loop3 1972 0 11600 357 0 0 0 0 0 262 357 0 0 0 0 0 0
   7       4 loop4 598 0 4686 954 0 0 0 0 0 344 954 0 0 0 0 0 0
   7       5 loop5 1000 0 33472 1101 0 0 0 0 0 1005 1101 0 0 0 0 0 0
   7       6 loop6 73 0 828 192 0 0 0 0 0 165 192 0 0 0 0 0 0
   7       7 loop7 104 0 3142 285 0 0 0 0 0 284 285 0 0 0 0 0 0
   7       8 loop8 39 0 258 93 0 0 0 0 0 88 93 0 0 0 0 0 0
   7       9 loop9 116 0 6708 261 0 0 0 0 0 238 261 0 0 0 0 0 0
 253       2 dm-2 236602 0 9958178 445687 3209934 0 142324352 332101941 0 268276 332547628 0 0 0 0 0 0
   7      10 loop10 69 0 2434 2 0 0 0 0 0 2 2 0 0 0 0 0 0
   7      11 loop11 11 0 28 0 0 0 0 0 0 0 0 0 0 0 0 0 0
TS 1776790319.009310901 2026-04-21 16:51:59
 259       0 nvme0n1 25218 34922 488418 4449 17 13 240 0 0 2896 4450 0 0 0 0 0 0
 259       1 nvme0n1p1 25103 34922 484866 4444 17 13 240 0 0 2998 4444 0 0 0 0 0 0
   8      16 sdb 98927 139534 9965987 73675 2181210 1028724 142324352 1061497 0 240671 1182865 0 0 0 0 1059605 47692
   8      17 sdb1 98795 139534 9960859 73658 2181210 1028724 142324352 1061497 0 251968 1135155 0 0 0 0 0 0
   8       0 sda 2698132 1136166 451552268 40078765 555168938 197387714 8863036338 374115997 0 19448480 414194762 0 0 0 0 0 0
   8       1 sda1 65 0 520 53 0 0 0 0 0 55 53 0 0 0 0 0 0
   8       2 sda2 911 1178 333703 10104 75 0 82 24 0 1482 10129 0 0 0 0 0 0
   8       3 sda3 15872 1 1510065 49229 208 15 7896 15 0 19133 49244 0 0 0 0 0 0
   8       4 sda4 501245 645 167492582 15567426 4234732 359772 118211552 1519467 0 3972492 17086894 0 0 0 0 0 0
   8       5 sda5 84 0 6240 214 0 0 0 0 0 206 214 0 0 0 0 0 0
   8       6 sda6 2179870 1134342 282205854 24451461 550933923 197027927 8744816808 372596489 1 22533580 397047951 0 0 0 0 0 0
 253       0 dm-0 260068 0 166987809 9817665 4534815 0 118211552 2339032 0 10290850 12156697 0 0 0 0 0 0
 253       1 dm-1 3312482 0 282203152 46826829 747961850 0 8744816808 1661871689 1 24352723 1708698518 0 0 0 0 0 0
   7       0 loop0 1987 0 11616 365 0 0 0 0 0 310 365 0 0 0 0 0 0
   7       2 loop2 2570 0 14810 378 0 0 0 0 0 278 378 0 0 0 0 0 0
   7       1 loop1 2790 0 20628 829 0 0 0 0 0 814 829 0 0 0 0 0 0
   7       3 loop3 1972 0 11600 357 0 0 0 0 0 262 357 0 0 0 0 0 0
   7       4 loop4 598 0 4686 954 0 0 0 0 0 344 954 0 0 0 0 0 0
   7       5 loop5 1000 0 33472 1101 0 0 0 0 0 1005 1101 0 0 0 0 0 0
   7       6 loop6 73 0 828 192 0 0 0 0 0 165 192 0 0 0 0 0 0
   7       7 loop7 104 0 3142 285 0 0 0 0 0 284 285 0 0 0 0 0 0
   7       8 loop8 39 0 258 93 0 0 0 0 0 88 93 0 0 0 0 0 0
   7       9 loop9 116 0 6708 261 0 0 0 0 0 238 261 0 0 0 0 0 0
 253       2 dm-2 236602 0 9958178 445687 3209934 0 142324352 332101941 0 268276 332547628 0 0 0 0 0 0
   7      10 loop10 69 0 2434 2 0 0 0 0 0 2 2 0 0 0 0 0 0
   7      11 loop11 11 0 28 0 0 0 0 0 0 0 0 0 0 0 0 0 0
TS 1776790320.009084255 2026-04-21 16:52:00
 259       0 nvme0n1 25218 34922 488418 4449 17 13 240 0 0 2896 4450 0 0 0 0 0 0
 259       1 nvme0n1p1 25103 34922 484866 4444 17 13 240 0 0 2998 4444 0 0 0 0 0 0
   8      16 sdb 98927 139534 9965987 73675 2181210 1028724 142324352 1061497 0 240671 1182865 0 0 0 0 1059605 47692
   8      17 sdb1 98795 139534 9960859 73658 2181210 1028724 142324352 1061497 0 251968 1135155 0 0 0 0 0 0
   8       0 sda 2698132 1136166 451552268 40078765 555173829 197388638 8863172434 374117108 0 19449250 414195873 0 0 0 0 0 0
   8       1 sda1 65 0 520 53 0 0 0 0 0 55 53 0 0 0 0 0 0
   8       2 sda2 911 1178 333703 10104 75 0 82 24 0 1482 10129 0 0 0 0 0 0
   8       3 sda3 15872 1 1510065 49229 208 15 7896 15 0 19133 49244 0 0 0 0 0 0
   8       4 sda4 501245 645 167492582 15567426 4234746 359772 118211784 1519467 0 3972493 17086894 0 0 0 0 0 0
   8       5 sda5 84 0 6240 214 0 0 0 0 0 206 214 0 0 0 0 0 0
   8       6 sda6 2179870 1134342 282205854 24451461 550938800 197028851 8744952672 372597600 1 22534521 397049061 0 0 0 0 0 0
 253       0 dm-0 260068 0 166987809 9817665 4534829 0 118211784 2339033 0 10290851 12156698 0 0 0 0 0 0
 253       1 dm-1 3312482 0 282203152 46826829 747967651 0 8744952672 1661872910 1 24353681 1708699739 0 0 0 0 0 0
   7       0 loop0 1987 0 11616 365 0 0 0 0 0 310 365 0 0 0 0 0 0
   7       2 loop2 2570 0 14810 378 0 0 0 0 0 278 378 0 0 0 0 0 0
   7       1 loop1 2790 0 20628 829 0 0 0 0 0 814 829 0 0 0 0 0 0
   7       3 loop3 1972 0 11600 357 0 0 0 0 0 262 357 0 0 0 0 0 0
   7       4 loop4 598 0 4686 954 0 0 0 0 0 344 954 0 0 0 0 0 0
   7       5 loop5 1000 0 33472 1101 0 0 0 0 0 1005 1101 0 0 0 0 0 0
   7       6 loop6 73 0 828 192 0 0 0 0 0 165 192 0 0 0 0 0 0
   7       7 loop7 104 0 3142 285 0 0 0 0 0 284 285 0 0 0 0 0 0
   7       8 loop8 39 0 258 93 0 0 0 0 0 88 93 0 0 0 0 0 0
   7       9 loop9 116 0 6708 261 0 0 0 0 0 238 261 0 0 0 0 0 0
 253       2 dm-2 236602 0 9958178 445687 3209934 0 142324352 332101941 0 268276 332547628 0 0 0 0 0 0
   7      10 loop10 69 0 2434 2 0 0 0 0 0 2 2 0 0 0 0 0 0
   7      11 loop11 11 0 28 0 0 0 0 0 0 0 0 0 0 0 0 0 0
TS 1776790321.009052488 2026-04-21 16:52:01
 259       0 nvme0n1 25218 34922 488418 4449 17 13 240 0 0 2896 4450 0 0 0 0 0 0
 259       1 nvme0n1p1 25103 34922 484866 4444 17 13 240 0 0 2998 4444 0 0 0 0 0 0
   8      16 sdb 98927 139534 9965987 73675 2181210 1028724 142324352 1061497 0 240671 1182865 0 0 0 0 1059605 47692
   8      17 sdb1 98795 139534 9960859 73658 2181210 1028724 142324352 1061497 0 251968 1135155 0 0 0 0 0 0
   8       0 sda 2698132 1136166 451552268 40078765 555177702 197389303 8863291538 374118325 0 19449969 414197090 0 0 0 0 0 0
   8       1 sda1 65 0 520 53 0 0 0 0 0 55 53 0 0 0 0 0 0
   8       2 sda2 911 1178 333703 10104 75 0 82 24 0 1482 10129 0 0 0 0 0 0
   8       3 sda3 15872 1 1510065 49229 208 15 7896 15 0 19133 49244 0 0 0 0 0 0
   8       4 sda4 501245 645 167492582 15567426 4234769 359772 118212424 1519468 0 3972494 17086895 0 0 0 0 0 0
   8       5 sda5 84 0 6240 214 0 0 0 0 0 206 214 0 0 0 0 0 0
   8       6 sda6 2179870 1134342 282205854 24451461 550942651 197029516 8745071136 372598816 1 22535486 397050278 0 0 0 0 0 0
 253       0 dm-0 260068 0 166987809 9817665 4534852 0 118212424 2339034 0 10290852 12156699 0 0 0 0 0 0
 253       1 dm-1 3312482 0 282203152 46826829 747972167 0 8745071136 1661874272 1 24354664 1708701101 0 0 0 0 0 0
   7       0 loop0 1987 0 11616 365 0 0 0 0 0 310 365 0 0 0 0 0 0
   7       2 loop2 2570 0 14810 378 0 0 0 0 0 278 378 0 0 0 0 0 0
   7       1 loop1 2790 0 20628 829 0 0 0 0 0 814 829 0 0 0 0 0 0
   7       3 loop3 1972 0 11600 357 0 0 0 0 0 262 357 0 0 0 0 0 0
   7       4 loop4 598 0 4686 954 0 0 0 0 0 344 954 0 0 0 0 0 0
   7       5 loop5 1000 0 33472 1101 0 0 0 0 0 1005 1101 0 0 0 0 0 0
   7       6 loop6 73 0 828 192 0 0 0 0 0 165 192 0 0 0 0 0 0
   7       7 loop7 104 0 3142 285 0 0 0 0 0 284 285 0 0 0 0 0 0
   7       8 loop8 39 0 258 93 0 0 0 0 0 88 93 0 0 0 0 0 0
   7       9 loop9 116 0 6708 261 0 0 0 0 0 238 261 0 0 0 0 0 0
 253       2 dm-2 236602 0 9958178 445687 3209934 0 142324352 332101941 0 268276 332547628 0 0 0 0 0 0
   7      10 loop10 69 0 2434 2 0 0 0 0 0 2 2 0 0 0 0 0 0
   7      11 loop11 11 0 28 0 0 0 0 0 0 0 0 0 0 0 0 0 0
TS 1776790322.009021631 2026-04-21 16:52:02
 259       0 nvme0n1 25218 34922 488418 4449 17 13 240 0 0 2896 4450 0 0 0 0 0 0
 259       1 nvme0n1p1 25103 34922 484866 4444 17 13 240 0 0 2998 4444 0 0 0 0 0 0
   8      16 sdb 98927 139534 9965987 73675 2181214 1028726 142324392 1061497 0 240671 1182865 0 0 0 0 1059608 47692
   8      17 sdb1 98795 139534 9960859 73658 2181214 1028726 142324392 1061497 0 251968 1135155 0 0 0 0 0 0
   8       0 sda 2698132 1136166 451552268 40078765 555182211 197390012 8863425018 374119445 0 19450838 414198210 0 0 0 0 0 0
   8       1 sda1 65 0 520 53 0 0 0 0 0 55 53 0 0 0 0 0 0
   8       2 sda2 911 1178 333703 10104 75 0 82 24 0 1482 10129 0 0 0 0 0 0
   8       3 sda3 15872 1 1510065 49229 208 15 7896 15 0 19133 49244 0 0 0 0 0 0
   8       4 sda4 501245 645 167492582 15567426 4234783 359772 118212672 1519469 0 3972495 17086896 0 0 0 0 0 0
   8       5 sda5 84 0 6240 214 0 0 0 0 0 206 214 0 0 0 0 0 0
   8       6 sda6 2179870 1134342 282205854 24451461 550947145 197030225 8745204368 372599935 2 22536450 397051397 0 0 0 0 0 0
 253       0 dm-0 260068 0 166987809 9817665 4534866 0 118212672 2339036 0 10290853 12156701 0 0 0 0 0 0
 253       1 dm-1 3312482 0 282203152 46826829 747977370 0 8745204368 1661875511 2 24355643 1708702340 0 0 0 0 0 0
   7       0 loop0 1987 0 11616 365 0 0 0 0 0 310 365 0 0 0 0 0 0
   7       2 loop2 2570 0 14810 378 0 0 0 0 0 278 378 0 0 0 0 0 0
   7       1 loop1 2790 0 20628 829 0 0 0 0 0 814 829 0 0 0 0 0 0
   7       3 loop3 1972 0 11600 357 0 0 0 0 0 262 357 0 0 0 0 0 0
   7       4 loop4 598 0 4686 954 0 0 0 0 0 344 954 0 0 0 0 0 0
   7       5 loop5 1000 0 33472 1101 0 0 0 0 0 1005 1101 0 0 0 0 0 0
   7       6 loop6 73 0 828 192 0 0 0 0 0 165 192 0 0 0 0 0 0
   7       7 loop7 104 0 3142 285 0 0 0 0 0 284 285 0 0 0 0 0 0
   7       8 loop8 39 0 258 93 0 0 0 0 0 88 93 0 0 0 0 0 0
   7       9 loop9 116 0 6708 261 0 0 0 0 0 238 261 0 0 0 0 0 0
 253       2 dm-2 236602 0 9958178 445687 3209940 0 142324392 332101941 0 268276 332547628 0 0 0 0 0 0
   7      10 loop10 69 0 2434 2 0 0 0 0 0 2 2 0 0 0 0 0 0
   7      11 loop11 11 0 28 0 0 0 0 0 0 0 0 0 0 0 0 0 0
TS 1776790323.009187312 2026-04-21 16:52:03
 259       0 nvme0n1 25218 34922 488418 4449 17 13 240 0 0 2896 4450 0 0 0 0 0 0
 259       1 nvme0n1p1 25103 34922 484866 4444 17 13 240 0 0 2998 4444 0 0 0 0 0 0
   8      16 sdb 98927 139534 9965987 73675 2181214 1028726 142324392 1061497 0 240671 1182865 0 0 0 0 1059608 47692
   8      17 sdb1 98795 139534 9960859 73658 2181214 1028726 142324392 1061497 0 251968 1135155 0 0 0 0 0 0
   8       0 sda 2698135 1136166 451552292 40079030 555187194 197391063 8863572298 374120688 0 19451508 414199718 0 0 0 0 0 0
   8       1 sda1 65 0 520 53 0 0 0 0 0 55 53 0 0 0 0 0 0
   8       2 sda2 911 1178 333703 10104 75 0 82 24 0 1482 10129 0 0 0 0 0 0
   8       3 sda3 15872 1 1510065 49229 208 15 7896 15 0 19133 49244 0 0 0 0 0 0
   8       4 sda4 501245 645 167492582 15567426 4234797 359772 118212904 1519469 0 3972495 17086896 0 0 0 0 0 0
   8       5 sda5 84 0 6240 214 0 0 0 0 0 206 214 0 0 0 0 0 0
   8       6 sda6 2179873 1134342 282205878 24451726 550952115 197031276 8745351448 372601178 2 22537429 397052905 0 0 0 0 0 0
 253       0 dm-0 260068 0 166987809 9817665 4534880 0 118212904 2339036 0 10290853 12156701 0 0 0 0 0 0
 253       1 dm-1 3312485 0 282203176 46827093 747983391 0 8745351448 1661876859 2 24356628 1708703952 0 0 0 0 0 0
   7       0 loop0 1987 0 11616 365 0 0 0 0 0 310 365 0 0 0 0 0 0
   7       2 loop2 2570 0 14810 378 0 0 0 0 0 278 378 0 0 0 0 0 0
   7       1 loop1 2790 0 20628 829 0 0 0 0 0 814 829 0 0 0 0 0 0
   7       3 loop3 1972 0 11600 357 0 0 0 0 0 262 357 0 0 0 0 0 0
   7       4 loop4 598 0 4686 954 0 0 0 0 0 344 954 0 0 0 0 0 0
   7       5 loop5 1000 0 33472 1101 0 0 0 0 0 1005 1101 0 0 0 0 0 0
   7       6 loop6 73 0 828 192 0 0 0 0 0 165 192 0 0 0 0 0 0
   7       7 loop7 104 0 3142 285 0 0 0 0 0 284 285 0 0 0 0 0 0
   7       8 loop8 39 0 258 93 0 0 0 0 0 88 93 0 0 0 0 0 0
   7       9 loop9 116 0 6708 261 0 0 0 0 0 238 261 0 0 0 0 0 0
 253       2 dm-2 236602 0 9958178 445687 3209940 0 142324392 332101941 0 268276 332547628 0 0 0 0 0 0
   7      10 loop10 69 0 2434 2 0 0 0 0 0 2 2 0 0 0 0 0 0
   7      11 loop11 11 0 28 0 0 0 0 0 0 0 0 0 0 0 0 0 0
TS 1776790324.008966285 2026-04-21 16:52:04
 259       0 nvme0n1 25218 34922 488418 4449 17 13 240 0 0 2896 4450 0 0 0 0 0 0
 259       1 nvme0n1p1 25103 34922 484866 4444 17 13 240 0 0 2998 4444 0 0 0 0 0 0
   8      16 sdb 98927 139534 9965987 73675 2181214 1028726 142324392 1061497 0 240671 1182865 0 0 0 0 1059608 47692
   8      17 sdb1 98795 139534 9960859 73658 2181214 1028726 142324392 1061497 0 251968 1135155 0 0 0 0 0 0
   8       0 sda 2698135 1136166 451552292 40079030 555190146 197392073 8863674354 374121768 0 19452423 414200798 0 0 0 0 0 0
   8       1 sda1 65 0 520 53 0 0 0 0 0 55 53 0 0 0 0 0 0
   8       2 sda2 911 1178 333703 10104 75 0 82 24 0 1482 10129 0 0 0 0 0 0
   8       3 sda3 15872 1 1510065 49229 208 15 7896 15 0 19133 49244 0 0 0 0 0 0
   8       4 sda4 501245 645 167492582 15567426 4234815 359773 118213168 1519471 0 3972495 17086898 0 0 0 0 0 0
   8       5 sda5 84 0 6240 214 0 0 0 0 0 206 214 0 0 0 0 0 0
   8       6 sda6 2179873 1134342 282205878 24451726 550955048 197032285 8745453208 372602257 2 22538429 397053983 0 0 0 0 0 0
 253       0 dm-0 260068 0 166987809 9817665 4534899 0 118213168 2339466 0 10291283 12157131 0 0 0 0 0 0
 253       1 dm-1 3312485 0 282203176 46827093 747987332 0 8745453208 1662004145 4 24357628 1708831238 0 0 0 0 0 0
   7       0 loop0 1987 0 11616 365 0 0 0 0 0 310 365 0 0 0 0 0 0
   7       2 loop2 2570 0 14810 378 0 0 0 0 0 278 378 0 0 0 0 0 0
   7       1 loop1 2790 0 20628 829 0 0 0 0 0 814 829 0 0 0 0 0 0
   7       3 loop3 1972 0 11600 357 0 0 0 0 0 262 357 0 0 0 0 0 0
   7       4 loop4 598 0 4686 954 0 0 0 0 0 344 954 0 0 0 0 0 0
   7       5 loop5 1000 0 33472 1101 0 0 0 0 0 1005 1101 0 0 0 0 0 0
   7       6 loop6 73 0 828 192 0 0 0 0 0 165 192 0 0 0 0 0 0
   7       7 loop7 104 0 3142 285 0 0 0 0 0 284 285 0 0 0 0 0 0
   7       8 loop8 39 0 258 93 0 0 0 0 0 88 93 0 0 0 0 0 0
   7       9 loop9 116 0 6708 261 0 0 0 0 0 238 261 0 0 0 0 0 0
 253       2 dm-2 236602 0 9958178 445687 3209940 0 142324392 332101941 0 268276 332547628 0 0 0 0 0 0
   7      10 loop10 69 0 2434 2 0 0 0 0 0 2 2 0 0 0 0 0 0
   7      11 loop11 11 0 28 0 0 0 0 0 0 0 0 0 0 0 0 0 0
TS 1776790325.009100088 2026-04-21 16:52:05
 259       0 nvme0n1 25218 34922 488418 4449 17 13 240 0 0 2896 4450 0 0 0 0 0 0
 259       1 nvme0n1p1 25103 34922 484866 4444 17 13 240 0 0 2998 4444 0 0 0 0 0 0
   8      16 sdb 98927 139534 9965987 73675 2181214 1028726 142324392 1061497 0 240671 1182865 0 0 0 0 1059608 47692
   8      17 sdb1 98795 139534 9960859 73658 2181214 1028726 142324392 1061497 0 251968 1135155 0 0 0 0 0 0
   8       0 sda 2698135 1136166 451552292 40079030 555194360 197393189 8863811426 374122711 0 19453370 414201741 0 0 0 0 0 0
   8       1 sda1 65 0 520 53 0 0 0 0 0 55 53 0 0 0 0 0 0
   8       2 sda2 911 1178 333703 10104 75 0 82 24 0 1482 10129 0 0 0 0 0 0
   8       3 sda3 15872 1 1510065 49229 208 15 7896 15 0 19133 49244 0 0 0 0 0 0
   8       4 sda4 501245 645 167492582 15567426 4234829 359773 118213408 1519471 0 3972495 17086898 0 0 0 0 0 0
   8       5 sda5 84 0 6240 214 0 0 0 0 0 206 214 0 0 0 0 0 0
   8       6 sda6 2179873 1134342 282205878 24451726 550959248 197033401 8745590040 372603199 2 22539429 397054925 0 0 0 0 0 0
 253       0 dm-0 260068 0 166987809 9817665 4534913 0 118213408 2339733 0 10291550 12157398 0 0 0 0 0 0
 253       1 dm-1 3312485 0 282203176 46827093 747992649 0 8745590040 1662007995 3 24358628 1708835088 0 0 0 0 0 0
   7       0 loop0 1987 0 11616 365 0 0 0 0 0 310 365 0 0 0 0 0 0
   7       2 loop2 2570 0 14810 378 0 0 0 0 0 278 378 0 0 0 0 0 0
   7       1 loop1 2790 0 20628 829 0 0 0 0 0 814 829 0 0 0 0 0 0
   7       3 loop3 1972 0 11600 357 0 0 0 0 0 262 357 0 0 0 0 0 0
   7       4 loop4 598 0 4686 954 0 0 0 0 0 344 954 0 0 0 0 0 0
   7       5 loop5 1000 0 33472 1101 0 0 0 0 0 1005 1101 0 0 0 0 0 0
   7       6 loop6 73 0 828 192 0 0 0 0 0 165 192 0 0 0 0 0 0
   7       7 loop7 104 0 3142 285 0 0 0 0 0 284 285 0 0 0 0 0 0
   7       8 loop8 39 0 258 93 0 0 0 0 0 88 93 0 0 0 0 0 0
   7       9 loop9 116 0 6708 261 0 0 0 0 0 238 261 0 0 0 0 0 0
 253       2 dm-2 236602 0 9958178 445687 3209940 0 142324392 332101941 0 268276 332547628 0 0 0 0 0 0
   7      10 loop10 69 0 2434 2 0 0 0 0 0 2 2 0 0 0 0 0 0
   7      11 loop11 11 0 28 0 0 0 0 0 0 0 0 0 0 0 0 0 0
TS 1776790326.009175255 2026-04-21 16:52:06
 259       0 nvme0n1 25218 34922 488418 4449 17 13 240 0 0 2896 4450 0 0 0 0 0 0
 259       1 nvme0n1p1 25103 34922 484866 4444 17 13 240 0 0 2998 4444 0 0 0 0 0 0
   8      16 sdb 98927 139534 9965987 73675 2181214 1028726 142324392 1061497 0 240671 1182865 0 0 0 0 1059608 47692
   8      17 sdb1 98795 139534 9960859 73658 2181214 1028726 142324392 1061497 0 251968 1135155 0 0 0 0 0 0
   8       0 sda 2698141 1136166 451552340 40081720 555202404 197395083 8864030442 374123877 0 19454167 414205597 0 0 0 0 0 0
   8       1 sda1 65 0 520 53 0 0 0 0 0 55 53 0 0 0 0 0 0
   8       2 sda2 911 1178 333703 10104 75 0 82 24 0 1482 10129 0 0 0 0 0 0
   8       3 sda3 15872 1 1510065 49229 208 15 7896 15 0 19133 49244 0 0 0 0 0 0
   8       4 sda4 501245 645 167492582 15567426 4234844 359773 118213904 1519472 0 3972495 17086899 0 0 0 0 0 0
   8       5 sda5 84 0 6240 214 0 0 0 0 0 206 214 0 0 0 0 0 0
   8       6 sda6 2179879 1134342 282205926 24454416 550967277 197035295 8745808560 372604365 1 22540346 397058781 0 0 0 0 0 0
 253       0 dm-0 260068 0 166987809 9817665 4534928 0 118213904 2339748 0 10291564 12157413 0 0 0 0 0 0
 253       1 dm-1 3312491 0 282203224 46829783 748002572 0 8745808560 1662010698 1 24359583 1708840481 0 0 0 0 0 0
   7       0 loop0 1987 0 11616 365 0 0 0 0 0 310 365 0 0 0 0 0 0
   7       2 loop2 2570 0 14810 378 0 0 0 0 0 278 378 0 0 0 0 0 0
   7       1 loop1 2790 0 20628 829 0 0 0 0 0 814 829 0 0 0 0 0 0
   7       3 loop3 1972 0 11600 357 0 0 0 0 0 262 357 0 0 0 0 0 0
   7       4 loop4 598 0 4686 954 0 0 0 0 0 344 954 0 0 0 0 0 0
   7       5 loop5 1000 0 33472 1101 0 0 0 0 0 1005 1101 0 0 0 0 0 0
   7       6 loop6 73 0 828 192 0 0 0 0 0 165 192 0 0 0 0 0 0
   7       7 loop7 104 0 3142 285 0 0 0 0 0 284 285 0 0 0 0 0 0
   7       8 loop8 39 0 258 93 0 0 0 0 0 88 93 0 0 0 0 0 0
   7       9 loop9 116 0 6708 261 0 0 0 0 0 238 261 0 0 0 0 0 0
 253       2 dm-2 236602 0 9958178 445687 3209940 0 142324392 332101941 0 268276 332547628 0 0 0 0 0 0
   7      10 loop10 69 0 2434 2 0 0 0 0 0 2 2 0 0 0 0 0 0
   7      11 loop11 11 0 28 0 0 0 0 0 0 0 0 0 0 0 0 0 0
TS 1776790327.009227872 2026-04-21 16:52:07
 259       0 nvme0n1 25218 34922 488418 4449 17 13 240 0 0 2896 4450 0 0 0 0 0 0
 259       1 nvme0n1p1 25103 34922 484866 4444 17 13 240 0 0 2998 4444 0 0 0 0 0 0
   8      16 sdb 98927 139534 9965987 73675 2181220 1028726 142324440 1061498 0 240671 1182866 0 0 0 0 1059608 47692
   8      17 sdb1 98795 139534 9960859 73658 2181220 1028726 142324440 1061498 0 251968 1135156 0 0 0 0 0 0
   8       0 sda 2698141 1136166 451552340 40081720 555206302 197395878 8864143066 374125805 0 19454976 414207525 0 0 0 0 0 0
   8       1 sda1 65 0 520 53 0 0 0 0 0 55 53 0 0 0 0 0 0
   8       2 sda2 911 1178 333703 10104 75 0 82 24 0 1482 10129 0 0 0 0 0 0
   8       3 sda3 15872 1 1510065 49229 208 15 7896 15 0 19133 49244 0 0 0 0 0 0
   8       4 sda4 501245 645 167492582 15567426 4234858 359773 118214136 1520294 0 3973316 17087721 0 0 0 0 0 0
   8       5 sda5 84 0 6240 214 0 0 0 0 0 206 214 0 0 0 0 0 0
   8       6 sda6 2179879 1134342 282205926 24454416 550971164 197036090 8745921112 372605471 1 22541301 397059887 0 0 0 0 0 0
 253       0 dm-0 260068 0 166987809 9817665 4534942 0 118214136 2340569 0 10292385 12158234 0 0 0 0 0 0
 253       1 dm-1 3312491 0 282203224 46829783 748007255 0 8745921112 1662011942 1 24360554 1708841725 0 0 0 0 0 0
   7       0 loop0 1987 0 11616 365 0 0 0 0 0 310 365 0 0 0 0 0 0
   7       2 loop2 2570 0 14810 378 0 0 0 0 0 278 378 0 0 0 0 0 0
   7       1 loop1 2790 0 20628 829 0 0 0 0 0 814 829 0 0 0 0 0 0
   7       3 loop3 1972 0 11600 357 0 0 0 0 0 262 357 0 0 0 0 0 0
   7       4 loop4 598 0 4686 954 0 0 0 0 0 344 954 0 0 0 0 0 0
   7       5 loop5 1000 0 33472 1101 0 0 0 0 0 1005 1101 0 0 0 0 0 0
   7       6 loop6 73 0 828 192 0 0 0 0 0 165 192 0 0 0 0 0 0
   7       7 loop7 104 0 3142 285 0 0 0 0 0 284 285 0 0 0 0 0 0
   7       8 loop8 39 0 258 93 0 0 0 0 0 88 93 0 0 0 0 0 0
   7       9 loop9 116 0 6708 261 0 0 0 0 0 238 261 0 0 0 0 0 0
 253       2 dm-2 236602 0 9958178 445687 3209946 0 142324440 332101941 0 268276 332547628 0 0 0 0 0 0
   7      10 loop10 69 0 2434 2 0 0 0 0 0 2 2 0 0 0 0 0 0
   7      11 loop11 11 0 28 0 0 0 0 0 0 0 0 0 0 0 0 0 0
TS 1776790328.008973319 2026-04-21 16:52:08
 259       0 nvme0n1 25218 34922 488418 4449 17 13 240 0 0 2896 4450 0 0 0 0 0 0
 259       1 nvme0n1p1 25103 34922 484866 4444 17 13 240 0 0 2998 4444 0 0 0 0 0 0
   8      16 sdb 98927 139534 9965987 73675 2181224 1028731 142324504 1061498 0 240671 1182866 0 0 0 0 1059611 47692
   8      17 sdb1 98795 139534 9960859 73658 2181224 1028731 142324504 1061498 0 251968 1135156 0 0 0 0 0 0
   8       0 sda 2698150 1136166 451552412 40082182 555213347 197397183 8864344890 374126861 0 19455597 414209044 0 0 0 0 0 0
   8       1 sda1 65 0 520 53 0 0 0 0 0 55 53 0 0 0 0 0 0
   8       2 sda2 911 1178 333703 10104 75 0 82 24 0 1482 10129 0 0 0 0 0 0
   8       3 sda3 15872 1 1510065 49229 208 15 7896 15 0 19133 49244 0 0 0 0 0 0
   8       4 sda4 501245 645 167492582 15567426 4234872 359773 118214360 1520294 0 3973316 17087721 0 0 0 0 0 0
   8       5 sda5 84 0 6240 214 0 0 0 0 0 206 214 0 0 0 0 0 0
   8       6 sda6 2179888 1134342 282205998 24454879 550978192 197037395 8746122552 372606527 1 22542229 397061406 0 0 0 0 0 0
 253       0 dm-0 260068 0 166987809 9817665 4534956 0 118214360 2340569 0 10292385 12158234 0 0 0 0 0 0
 253       1 dm-1 3312500 0 282203296 46830247 748015587 0 8746122552 1662013308 1 24361515 1708843555 0 0 0 0 0 0
   7       0 loop0 1987 0 11616 365 0 0 0 0 0 310 365 0 0 0 0 0 0
   7       2 loop2 2570 0 14810 378 0 0 0 0 0 278 378 0 0 0 0 0 0
   7       1 loop1 2790 0 20628 829 0 0 0 0 0 814 829 0 0 0 0 0 0
   7       3 loop3 1972 0 11600 357 0 0 0 0 0 262 357 0 0 0 0 0 0
   7       4 loop4 598 0 4686 954 0 0 0 0 0 344 954 0 0 0 0 0 0
   7       5 loop5 1000 0 33472 1101 0 0 0 0 0 1005 1101 0 0 0 0 0 0
   7       6 loop6 73 0 828 192 0 0 0 0 0 165 192 0 0 0 0 0 0
   7       7 loop7 104 0 3142 285 0 0 0 0 0 284 285 0 0 0 0 0 0
   7       8 loop8 39 0 258 93 0 0 0 0 0 88 93 0 0 0 0 0 0
   7       9 loop9 116 0 6708 261 0 0 0 0 0 238 261 0 0 0 0 0 0
 253       2 dm-2 236602 0 9958178 445687 3209955 0 142324504 332101941 0 268276 332547628 0 0 0 0 0 0
   7      10 loop10 69 0 2434 2 0 0 0 0 0 2 2 0 0 0 0 0 0
   7      11 loop11 11 0 28 0 0 0 0 0 0 0 0 0 0 0 0 0 0
TS 1776790329.008979921 2026-04-21 16:52:09
 259       0 nvme0n1 25218 34922 488418 4449 17 13 240 0 0 2896 4450 0 0 0 0 0 0
 259       1 nvme0n1p1 25103 34922 484866 4444 17 13 240 0 0 2998 4444 0 0 0 0 0 0
   8      16 sdb 98927 139534 9965987 73675 2181224 1028731 142324504 1061498 0 240671 1182866 0 0 0 0 1059611 47692
   8      17 sdb1 98795 139534 9960859 73658 2181224 1028731 142324504 1061498 0 251968 1135156 0 0 0 0 0 0
   8       0 sda 2698150 1136166 451552412 40082182 555231272 197400625 8864783962 374128305 0 19456105 414210488 0 0 0 0 0 0
   8       1 sda1 65 0 520 53 0 0 0 0 0 55 53 0 0 0 0 0 0
   8       2 sda2 911 1178 333703 10104 75 0 82 24 0 1482 10129 0 0 0 0 0 0
   8       3 sda3 15872 1 1510065 49229 208 15 7896 15 0 19133 49244 0 0 0 0 0 0
   8       4 sda4 501245 645 167492582 15567426 4234886 359773 118214592 1520295 0 3973316 17087722 0 0 0 0 0 0
   8       5 sda5 84 0 6240 214 0 0 0 0 0 206 214 0 0 0 0 0 0
   8       6 sda6 2179888 1134342 282205998 24454879 550996103 197040837 8746561392 372607970 1 22542949 397062849 0 0 0 0 0 0
 253       0 dm-0 260068 0 166987809 9817665 4534970 0 118214592 2340570 0 10292386 12158235 0 0 0 0 0 0
 253       1 dm-1 3312500 0 282203296 46830247 748036940 0 8746561392 1662015319 1 24362326 1708845566 0 0 0 0 0 0
   7       0 loop0 1987 0 11616 365 0 0 0 0 0 310 365 0 0 0 0 0 0
   7       2 loop2 2570 0 14810 378 0 0 0 0 0 278 378 0 0 0 0 0 0
   7       1 loop1 2790 0 20628 829 0 0 0 0 0 814 829 0 0 0 0 0 0
   7       3 loop3 1972 0 11600 357 0 0 0 0 0 262 357 0 0 0 0 0 0
   7       4 loop4 598 0 4686 954 0 0 0 0 0 344 954 0 0 0 0 0 0
   7       5 loop5 1000 0 33472 1101 0 0 0 0 0 1005 1101 0 0 0 0 0 0
   7       6 loop6 73 0 828 192 0 0 0 0 0 165 192 0 0 0 0 0 0
   7       7 loop7 104 0 3142 285 0 0 0 0 0 284 285 0 0 0 0 0 0
   7       8 loop8 39 0 258 93 0 0 0 0 0 88 93 0 0 0 0 0 0
   7       9 loop9 116 0 6708 261 0 0 0 0 0 238 261 0 0 0 0 0 0
 253       2 dm-2 236602 0 9958178 445687 3209955 0 142324504 332101941 0 268276 332547628 0 0 0 0 0 0
   7      10 loop10 69 0 2434 2 0 0 0 0 0 2 2 0 0 0 0 0 0
   7      11 loop11 11 0 28 0 0 0 0 0 0 0 0 0 0 0 0 0 0
TS 1776790330.008983553 2026-04-21 16:52:10
 259       0 nvme0n1 25218 34922 488418 4449 17 13 240 0 0 2896 4450 0 0 0 0 0 0
 259       1 nvme0n1p1 25103 34922 484866 4444 17 13 240 0 0 2998 4444 0 0 0 0 0 0
   8      16 sdb 98927 139534 9965987 73675 2181224 1028731 142324504 1061498 0 240671 1182866 0 0 0 0 1059611 47692
   8      17 sdb1 98795 139534 9960859 73658 2181224 1028731 142324504 1061498 0 251968 1135156 0 0 0 0 0 0
   8       0 sda 2698150 1136166 451552412 40082182 555236819 197401836 8864947554 374129558 0 19456758 414211741 0 0 0 0 0 0
   8       1 sda1 65 0 520 53 0 0 0 0 0 55 53 0 0 0 0 0 0
   8       2 sda2 911 1178 333703 10104 75 0 82 24 0 1482 10129 0 0 0 0 0 0
   8       3 sda3 15872 1 1510065 49229 208 15 7896 15 0 19133 49244 0 0 0 0 0 0
   8       4 sda4 501245 645 167492582 15567426 4234903 359774 118214872 1520296 0 3973316 17087723 0 0 0 0 0 0
   8       5 sda5 84 0 6240 214 0 0 0 0 0 206 214 0 0 0 0 0 0
   8       6 sda6 2179888 1134342 282205998 24454879 551001633 197042047 8746724704 372609221 1 22543885 397064101 0 0 0 0 0 0
 253       0 dm-0 260068 0 166987809 9817665 4534988 0 118214872 2340570 0 10292386 12158235 0 0 0 0 0 0
 253       1 dm-1 3312500 0 282203296 46830247 748043680 0 8746724704 1662016801 1 24363290 1708847048 0 0 0 0 0 0
   7       0 loop0 1987 0 11616 365 0 0 0 0 0 310 365 0 0 0 0 0 0
   7       2 loop2 2570 0 14810 378 0 0 0 0 0 278 378 0 0 0 0 0 0
   7       1 loop1 2790 0 20628 829 0 0 0 0 0 814 829 0 0 0 0 0 0
   7       3 loop3 1972 0 11600 357 0 0 0 0 0 262 357 0 0 0 0 0 0
   7       4 loop4 598 0 4686 954 0 0 0 0 0 344 954 0 0 0 0 0 0
   7       5 loop5 1000 0 33472 1101 0 0 0 0 0 1005 1101 0 0 0 0 0 0
   7       6 loop6 73 0 828 192 0 0 0 0 0 165 192 0 0 0 0 0 0
   7       7 loop7 104 0 3142 285 0 0 0 0 0 284 285 0 0 0 0 0 0
   7       8 loop8 39 0 258 93 0 0 0 0 0 88 93 0 0 0 0 0 0
   7       9 loop9 116 0 6708 261 0 0 0 0 0 238 261 0 0 0 0 0 0
 253       2 dm-2 236602 0 9958178 445687 3209955 0 142324504 332101941 0 268276 332547628 0 0 0 0 0 0
   7      10 loop10 69 0 2434 2 0 0 0 0 0 2 2 0 0 0 0 0 0
   7      11 loop11 11 0 28 0 0 0 0 0 0 0 0 0 0 0 0 0 0
TS 1776790331.009215691 2026-04-21 16:52:11
 259       0 nvme0n1 25218 34922 488418 4449 17 13 240 0 0 2896 4450 0 0 0 0 0 0
 259       1 nvme0n1p1 25103 34922 484866 4444 17 13 240 0 0 2998 4444 0 0 0 0 0 0
   8      16 sdb 98927 139534 9965987 73675 2181224 1028731 142324504 1061498 0 240671 1182866 0 0 0 0 1059611 47692
   8      17 sdb1 98795 139534 9960859 73658 2181224 1028731 142324504 1061498 0 251968 1135156 0 0 0 0 0 0
   8       0 sda 2698150 1136166 451552412 40082182 555240316 197402531 8865049482 374130601 0 19457475 414212784 0 0 0 0 0 0
   8       1 sda1 65 0 520 53 0 0 0 0 0 55 53 0 0 0 0 0 0
   8       2 sda2 911 1178 333703 10104 75 0 82 24 0 1482 10129 0 0 0 0 0 0
   8       3 sda3 15872 1 1510065 49229 208 15 7896 15 0 19133 49244 0 0 0 0 0 0
   8       4 sda4 501245 645 167492582 15567426 4234919 359774 118215128 1520297 0 3973317 17087724 0 0 0 0 0 0
   8       5 sda5 84 0 6240 214 0 0 0 0 0 206 214 0 0 0 0 0 0
   8       6 sda6 2179888 1134342 282205998 24454879 551005114 197042742 8746826376 372610263 1 22544835 397065142 0 0 0 0 0 0
 253       0 dm-0 260068 0 166987809 9817665 4535004 0 118215128 2340571 0 10292387 12158236 0 0 0 0 0 0
 253       1 dm-1 3312500 0 282203296 46830247 748047856 0 8746826376 1662017919 1 24364259 1708848166 0 0 0 0 0 0
   7       0 loop0 1987 0 11616 365 0 0 0 0 0 310 365 0 0 0 0 0 0
   7       2 loop2 2570 0 14810 378 0 0 0 0 0 278 378 0 0 0 0 0 0
   7       1 loop1 2790 0 20628 829 0 0 0 0 0 814 829 0 0 0 0 0 0
   7       3 loop3 1972 0 11600 357 0 0 0 0 0 262 357 0 0 0 0 0 0
   7       4 loop4 598 0 4686 954 0 0 0 0 0 344 954 0 0 0 0 0 0
   7       5 loop5 1000 0 33472 1101 0 0 0 0 0 1005 1101 0 0 0 0 0 0
   7       6 loop6 73 0 828 192 0 0 0 0 0 165 192 0 0 0 0 0 0
   7       7 loop7 104 0 3142 285 0 0 0 0 0 284 285 0 0 0 0 0 0
   7       8 loop8 39 0 258 93 0 0 0 0 0 88 93 0 0 0 0 0 0
   7       9 loop9 116 0 6708 261 0 0 0 0 0 238 261 0 0 0 0 0 0
 253       2 dm-2 236602 0 9958178 445687 3209955 0 142324504 332101941 0 268276 332547628 0 0 0 0 0 0
   7      10 loop10 69 0 2434 2 0 0 0 0 0 2 2 0 0 0 0 0 0
   7      11 loop11 11 0 28 0 0 0 0 0 0 0 0 0 0 0 0 0 0
TS 1776790332.009088559 2026-04-21 16:52:12
 259       0 nvme0n1 25218 34922 488418 4449 17 13 240 0 0 2896 4450 0 0 0 0 0 0
 259       1 nvme0n1p1 25103 34922 484866 4444 17 13 240 0 0 2998 4444 0 0 0 0 0 0
   8      16 sdb 98927 139534 9965987 73675 2181224 1028731 142324504 1061498 0 240671 1182866 0 0 0 0 1059611 47692
   8      17 sdb1 98795 139534 9960859 73658 2181224 1028731 142324504 1061498 0 251968 1135156 0 0 0 0 0 0
   8       0 sda 2698150 1136166 451552412 40082182 555243193 197403006 8865141346 374131674 0 19458327 414213857 0 0 0 0 0 0
   8       1 sda1 65 0 520 53 0 0 0 0 0 55 53 0 0 0 0 0 0
   8       2 sda2 911 1178 333703 10104 75 0 82 24 0 1482 10129 0 0 0 0 0 0
   8       3 sda3 15872 1 1510065 49229 208 15 7896 15 0 19133 49244 0 0 0 0 0 0
   8       4 sda4 501245 645 167492582 15567426 4234938 359774 118215416 1520298 0 3973318 17087725 0 0 0 0 0 0
   8       5 sda5 84 0 6240 214 0 0 0 0 0 206 214 0 0 0 0 0 0
   8       6 sda6 2179888 1134342 282205998 24454879 551007972 197043217 8746917952 372611336 1 22545805 397066215 0 0 0 0 0 0
 253       0 dm-0 260068 0 166987809 9817665 4535023 0 118215416 2340572 0 10292388 12158237 0 0 0 0 0 0
 253       1 dm-1 3312500 0 282203296 46830247 748051189 0 8746917952 1662019049 1 24365239 1708849296 0 0 0 0 0 0
   7       0 loop0 1987 0 11616 365 0 0 0 0 0 310 365 0 0 0 0 0 0
   7       2 loop2 2570 0 14810 378 0 0 0 0 0 278 378 0 0 0 0 0 0
   7       1 loop1 2790 0 20628 829 0 0 0 0 0 814 829 0 0 0 0 0 0
   7       3 loop3 1972 0 11600 357 0 0 0 0 0 262 357 0 0 0 0 0 0
   7       4 loop4 598 0 4686 954 0 0 0 0 0 344 954 0 0 0 0 0 0
   7       5 loop5 1000 0 33472 1101 0 0 0 0 0 1005 1101 0 0 0 0 0 0
   7       6 loop6 73 0 828 192 0 0 0 0 0 165 192 0 0 0 0 0 0
   7       7 loop7 104 0 3142 285 0 0 0 0 0 284 285 0 0 0 0 0 0
   7       8 loop8 39 0 258 93 0 0 0 0 0 88 93 0 0 0 0 0 0
   7       9 loop9 116 0 6708 261 0 0 0 0 0 238 261 0 0 0 0 0 0
 253       2 dm-2 236602 0 9958178 445687 3209955 0 142324504 332101941 0 268276 332547628 0 0 0 0 0 0
   7      10 loop10 69 0 2434 2 0 0 0 0 0 2 2 0 0 0 0 0 0
   7      11 loop11 11 0 28 0 0 0 0 0 0 0 0 0 0 0 0 0 0
