TS 1776790333.008962516 2026-04-21 16:52:13
 259       0 nvme0n1 25218 34922 488418 4449 17 13 240 0 0 2896 4450 0 0 0 0 0 0
 259       1 nvme0n1p1 25103 34922 484866 4444 17 13 240 0 0 2998 4444 0 0 0 0 0 0
   8      16 sdb 98927 139534 9965987 73675 2181228 1028733 142324544 1061498 0 240671 1182866 0 0 0 0 1059614 47692
   8      17 sdb1 98795 139534 9960859 73658 2181228 1028733 142324544 1061498 0 251968 1135157 0 0 0 0 0 0
   8       0 sda 2698150 1136166 451552412 40082182 555247797 197403933 8865284554 374132816 0 19459043 414214999 0 0 0 0 0 0
   8       1 sda1 65 0 520 53 0 0 0 0 0 55 53 0 0 0 0 0 0
   8       2 sda2 911 1178 333703 10104 75 0 82 24 0 1482 10129 0 0 0 0 0 0
   8       3 sda3 15872 1 1510065 49229 208 15 7896 15 0 19133 49244 0 0 0 0 0 0
   8       4 sda4 501245 645 167492582 15567426 4234954 359775 118215680 1520298 0 3973318 17087725 0 0 0 0 0 0
   8       5 sda5 84 0 6240 214 0 0 0 0 0 206 214 0 0 0 0 0 0
   8       6 sda6 2179888 1134342 282205998 24454879 551012560 197044143 8747060896 372612477 1 22546766 397067356 0 0 0 0 0 0
 253       0 dm-0 260068 0 166987809 9817665 4535040 0 118215680 2340572 0 10292388 12158237 0 0 0 0 0 0
 253       1 dm-1 3312500 0 282203296 46830247 748056703 0 8747060896 1662020313 1 24366215 1708850560 0 0 0 0 0 0
   7       0 loop0 1987 0 11616 365 0 0 0 0 0 310 365 0 0 0 0 0 0
   7       2 loop2 2570 0 14810 378 0 0 0 0 0 278 378 0 0 0 0 0 0
   7       1 loop1 2790 0 20628 829 0 0 0 0 0 814 829 0 0 0 0 0 0
   7       3 loop3 1972 0 11600 357 0 0 0 0 0 262 357 0 0 0 0 0 0
   7       4 loop4 598 0 4686 954 0 0 0 0 0 344 954 0 0 0 0 0 0
   7       5 loop5 1000 0 33472 1101 0 0 0 0 0 1005 1101 0 0 0 0 0 0
   7       6 loop6 73 0 828 192 0 0 0 0 0 165 192 0 0 0 0 0 0
   7       7 loop7 104 0 3142 285 0 0 0 0 0 284 285 0 0 0 0 0 0
   7       8 loop8 39 0 258 93 0 0 0 0 0 88 93 0 0 0 0 0 0
   7       9 loop9 116 0 6708 261 0 0 0 0 0 238 261 0 0 0 0 0 0
 253       2 dm-2 236602 0 9958178 445687 3209961 0 142324544 332101941 0 268276 332547628 0 0 0 0 0 0
   7      10 loop10 69 0 2434 2 0 0 0 0 0 2 2 0 0 0 0 0 0
   7      11 loop11 11 0 28 0 0 0 0 0 0 0 0 0 0 0 0 0 0
TS 1776790334.008794036 2026-04-21 16:52:14
 259       0 nvme0n1 25218 34922 488418 4449 17 13 240 0 0 2896 4450 0 0 0 0 0 0
 259       1 nvme0n1p1 25103 34922 484866 4444 17 13 240 0 0 2998 4444 0 0 0 0 0 0
   8      16 sdb 98927 139534 9965987 73675 2181228 1028733 142324544 1061498 0 240671 1182866 0 0 0 0 1059614 47692
   8      17 sdb1 98795 139534 9960859 73658 2181228 1028733 142324544 1061498 0 251968 1135157 0 0 0 0 0 0
   8       0 sda 2698150 1136166 451552412 40082182 555252963 197404898 8865435202 374134083 0 19459687 414216266 0 0 0 0 0 0
   8       1 sda1 65 0 520 53 0 0 0 0 0 55 53 0 0 0 0 0 0
   8       2 sda2 911 1178 333703 10104 75 0 82 24 0 1482 10129 0 0 0 0 0 0
   8       3 sda3 15872 1 1510065 49229 208 15 7896 15 0 19133 49244 0 0 0 0 0 0
   8       4 sda4 501245 645 167492582 15567426 4234968 359775 118215904 1520299 0 3973318 17087726 0 0 0 0 0 0
   8       5 sda5 84 0 6240 214 0 0 0 0 0 206 214 0 0 0 0 0 0
   8       6 sda6 2179888 1134342 282205998 24454879 551017712 197045108 8747211320 372613744 1 22547713 397068623 0 0 0 0 0 0
 253       0 dm-0 260068 0 166987809 9817665 4535054 0 118215904 2340572 0 10292388 12158237 0 0 0 0 0 0
 253       1 dm-1 3312500 0 282203296 46830247 748062820 0 8747211320 1662021770 1 24367186 1708852017 0 0 0 0 0 0
   7       0 loop0 1987 0 11616 365 0 0 0 0 0 310 365 0 0 0 0 0 0
   7       2 loop2 2570 0 14810 378 0 0 0 0 0 278 378 0 0 0 0 0 0
   7       1 loop1 2790 0 20628 829 0 0 0 0 0 814 829 0 0 0 0 0 0
   7       3 loop3 1972 0 11600 357 0 0 0 0 0 262 357 0 0 0 0 0 0
   7       4 loop4 598 0 4686 954 0 0 0 0 0 344 954 0 0 0 0 0 0
   7       5 loop5 1000 0 33472 1101 0 0 0 0 0 1005 1101 0 0 0 0 0 0
   7       6 loop6 73 0 828 192 0 0 0 0 0 165 192 0 0 0 0 0 0
   7       7 loop7 104 0 3142 285 0 0 0 0 0 284 285 0 0 0 0 0 0
   7       8 loop8 39 0 258 93 0 0 0 0 0 88 93 0 0 0 0 0 0
   7       9 loop9 116 0 6708 261 0 0 0 0 0 238 261 0 0 0 0 0 0
 253       2 dm-2 236602 0 9958178 445687 3209961 0 142324544 332101941 0 268276 332547628 0 0 0 0 0 0
   7      10 loop10 69 0 2434 2 0 0 0 0 0 2 2 0 0 0 0 0 0
   7      11 loop11 11 0 28 0 0 0 0 0 0 0 0 0 0 0 0 0 0
TS 1776790335.008804182 2026-04-21 16:52:15
 259       0 nvme0n1 25218 34922 488418 4449 17 13 240 0 0 2896 4450 0 0 0 0 0 0
 259       1 nvme0n1p1 25103 34922 484866 4444 17 13 240 0 0 2998 4444 0 0 0 0 0 0
   8      16 sdb 98927 139534 9965987 73675 2181228 1028733 142324544 1061498 0 240671 1182866 0 0 0 0 1059614 47692
   8      17 sdb1 98795 139534 9960859 73658 2181228 1028733 142324544 1061498 0 251968 1135157 0 0 0 0 0 0
   8       0 sda 2698150 1136166 451552412 40082182 555256351 197405573 8865533402 374135566 0 19460401 414217748 0 0 0 0 0 0
   8       1 sda1 65 0 520 53 0 0 0 0 0 55 53 0 0 0 0 0 0
   8       2 sda2 911 1178 333703 10104 75 0 82 24 0 1482 10129 0 0 0 0 0 0
   8       3 sda3 15872 1 1510065 49229 208 15 7896 15 0 19133 49244 0 0 0 0 0 0
   8       4 sda4 501245 645 167492582 15567426 4234982 359775 118216144 1520299 0 3973318 17087726 0 0 0 0 0 0
   8       5 sda5 84 0 6240 214 0 0 0 0 0 206 214 0 0 0 0 0 0
   8       6 sda6 2179888 1134342 282205998 24454879 551021086 197045783 8747309280 372615225 1 22548684 397070105 0 0 0 0 0 0
 253       0 dm-0 260068 0 166987809 9817665 4535068 0 118216144 2340572 0 10292388 12158237 0 0 0 0 0 0
 253       1 dm-1 3312500 0 282203296 46830247 748066869 0 8747309280 1662023424 1 24368169 1708853671 0 0 0 0 0 0
   7       0 loop0 1987 0 11616 365 0 0 0 0 0 310 365 0 0 0 0 0 0
   7       2 loop2 2570 0 14810 378 0 0 0 0 0 278 378 0 0 0 0 0 0
   7       1 loop1 2790 0 20628 829 0 0 0 0 0 814 829 0 0 0 0 0 0
   7       3 loop3 1972 0 11600 357 0 0 0 0 0 262 357 0 0 0 0 0 0
   7       4 loop4 598 0 4686 954 0 0 0 0 0 344 954 0 0 0 0 0 0
   7       5 loop5 1000 0 33472 1101 0 0 0 0 0 1005 1101 0 0 0 0 0 0
   7       6 loop6 73 0 828 192 0 0 0 0 0 165 192 0 0 0 0 0 0
   7       7 loop7 104 0 3142 285 0 0 0 0 0 284 285 0 0 0 0 0 0
   7       8 loop8 39 0 258 93 0 0 0 0 0 88 93 0 0 0 0 0 0
   7       9 loop9 116 0 6708 261 0 0 0 0 0 238 261 0 0 0 0 0 0
 253       2 dm-2 236602 0 9958178 445687 3209961 0 142324544 332101941 0 268276 332547628 0 0 0 0 0 0
   7      10 loop10 69 0 2434 2 0 0 0 0 0 2 2 0 0 0 0 0 0
   7      11 loop11 11 0 28 0 0 0 0 0 0 0 0 0 0 0 0 0 0
TS 1776790336.008537783 2026-04-21 16:52:16
 259       0 nvme0n1 25218 34922 488418 4449 17 13 240 0 0 2896 4450 0 0 0 0 0 0
 259       1 nvme0n1p1 25103 34922 484866 4444 17 13 240 0 0 2998 4444 0 0 0 0 0 0
   8      16 sdb 98927 139534 9965987 73675 2181228 1028733 142324544 1061498 0 240671 1182866 0 0 0 0 1059614 47692
   8      17 sdb1 98795 139534 9960859 73658 2181228 1028733 142324544 1061498 0 251968 1135157 0 0 0 0 0 0
   8       0 sda 2698150 1136166 451552412 40082182 555259816 197406310 8865644714 374136911 0 19461172 414219094 0 0 0 0 0 0
   8       1 sda1 65 0 520 53 0 0 0 0 0 55 53 0 0 0 0 0 0
   8       2 sda2 911 1178 333703 10104 75 0 82 24 0 1482 10129 0 0 0 0 0 0
   8       3 sda3 15872 1 1510065 49229 208 15 7896 15 0 19133 49244 0 0 0 0 0 0
   8       4 sda4 501245 645 167492582 15567426 4235061 359789 118218208 1520398 0 3973322 17087825 0 0 0 0 0 0
   8       5 sda5 84 0 6240 214 0 0 0 0 0 206 214 0 0 0 0 0 0
   8       6 sda6 2179888 1134342 282205998 24454879 551024472 197046506 8747418528 372616472 1 22549647 397071351 0 0 0 0 0 0
 253       0 dm-0 260068 0 166987809 9817665 4535161 0 118218208 2340689 0 10292393 12158354 0 0 0 0 0 0
 253       1 dm-1 3312500 0 282203296 46830247 748070978 0 8747418528 1662024890 1 24369151 1708855137 0 0 0 0 0 0
   7       0 loop0 1987 0 11616 365 0 0 0 0 0 310 365 0 0 0 0 0 0
   7       2 loop2 2570 0 14810 378 0 0 0 0 0 278 378 0 0 0 0 0 0
   7       1 loop1 2790 0 20628 829 0 0 0 0 0 814 829 0 0 0 0 0 0
   7       3 loop3 1972 0 11600 357 0 0 0 0 0 262 357 0 0 0 0 0 0
   7       4 loop4 598 0 4686 954 0 0 0 0 0 344 954 0 0 0 0 0 0
   7       5 loop5 1000 0 33472 1101 0 0 0 0 0 1005 1101 0 0 0 0 0 0
   7       6 loop6 73 0 828 192 0 0 0 0 0 165 192 0 0 0 0 0 0
   7       7 loop7 104 0 3142 285 0 0 0 0 0 284 285 0 0 0 0 0 0
   7       8 loop8 39 0 258 93 0 0 0 0 0 88 93 0 0 0 0 0 0
   7       9 loop9 116 0 6708 261 0 0 0 0 0 238 261 0 0 0 0 0 0
 253       2 dm-2 236602 0 9958178 445687 3209961 0 142324544 332101941 0 268276 332547628 0 0 0 0 0 0
   7      10 loop10 69 0 2434 2 0 0 0 0 0 2 2 0 0 0 0 0 0
   7      11 loop11 11 0 28 0 0 0 0 0 0 0 0 0 0 0 0 0 0
TS 1776790337.008878119 2026-04-21 16:52:17
 259       0 nvme0n1 25218 34922 488418 4449 17 13 240 0 0 2896 4450 0 0 0 0 0 0
 259       1 nvme0n1p1 25103 34922 484866 4444 17 13 240 0 0 2998 4444 0 0 0 0 0 0
   8      16 sdb 98927 139534 9965987 73675 2181228 1028733 142324544 1061498 0 240671 1182866 0 0 0 0 1059614 47692
   8      17 sdb1 98795 139534 9960859 73658 2181228 1028733 142324544 1061498 0 251968 1135157 0 0 0 0 0 0
   8       0 sda 2698150 1136166 451552412 40082182 555265711 197407515 8865815114 374138039 0 19461907 414220222 0 0 0 0 0 0
   8       1 sda1 65 0 520 53 0 0 0 0 0 55 53 0 0 0 0 0 0
   8       2 sda2 911 1178 333703 10104 75 0 82 24 0 1482 10129 0 0 0 0 0 0
   8       3 sda3 15872 1 1510065 49229 208 15 7896 15 0 19133 49244 0 0 0 0 0 0
   8       4 sda4 501245 645 167492582 15567426 4235075 359789 118218432 1520399 0 3973323 17087826 0 0 0 0 0 0
   8       5 sda5 84 0 6240 214 0 0 0 0 0 206 214 0 0 0 0 0 0
   8       6 sda6 2179888 1134342 282205998 24454879 551030353 197047711 8747588704 372617599 2 22550567 397072479 0 0 0 0 0 0
 253       0 dm-0 260068 0 166987809 9817665 4535175 0 118218432 2340692 0 10292394 12158357 0 0 0 0 0 0
 253       1 dm-1 3312500 0 282203296 46830247 748078064 0 8747588704 1662026171 2 24370106 1708856418 0 0 0 0 0 0
   7       0 loop0 1987 0 11616 365 0 0 0 0 0 310 365 0 0 0 0 0 0
   7       2 loop2 2570 0 14810 378 0 0 0 0 0 278 378 0 0 0 0 0 0
   7       1 loop1 2790 0 20628 829 0 0 0 0 0 814 829 0 0 0 0 0 0
   7       3 loop3 1972 0 11600 357 0 0 0 0 0 262 357 0 0 0 0 0 0
   7       4 loop4 598 0 4686 954 0 0 0 0 0 344 954 0 0 0 0 0 0
   7       5 loop5 1000 0 33472 1101 0 0 0 0 0 1005 1101 0 0 0 0 0 0
   7       6 loop6 73 0 828 192 0 0 0 0 0 165 192 0 0 0 0 0 0
   7       7 loop7 104 0 3142 285 0 0 0 0 0 284 285 0 0 0 0 0 0
   7       8 loop8 39 0 258 93 0 0 0 0 0 88 93 0 0 0 0 0 0
   7       9 loop9 116 0 6708 261 0 0 0 0 0 238 261 0 0 0 0 0 0
 253       2 dm-2 236602 0 9958178 445687 3209961 0 142324544 332101941 0 268276 332547628 0 0 0 0 0 0
   7      10 loop10 69 0 2434 2 0 0 0 0 0 2 2 0 0 0 0 0 0
   7      11 loop11 11 0 28 0 0 0 0 0 0 0 0 0 0 0 0 0 0
TS 1776790338.009001915 2026-04-21 16:52:18
 259       0 nvme0n1 25218 34922 488418 4449 17 13 240 0 0 2896 4450 0 0 0 0 0 0
 259       1 nvme0n1p1 25103 34922 484866 4444 17 13 240 0 0 2998 4444 0 0 0 0 0 0
   8      16 sdb 98927 139534 9965987 73675 2181232 1028735 142324584 1061499 0 240671 1182867 0 0 0 0 1059617 47692
   8      17 sdb1 98795 139534 9960859 73658 2181232 1028735 142324584 1061499 0 251968 1135157 0 0 0 0 0 0
   8       0 sda 2698150 1136166 451552412 40082182 555268624 197408132 8865898794 374139751 0 19462547 414221934 0 0 0 0 0 0
   8       1 sda1 65 0 520 53 0 0 0 0 0 55 53 0 0 0 0 0 0
   8       2 sda2 911 1178 333703 10104 75 0 82 24 0 1482 10129 0 0 0 0 0 0
   8       3 sda3 15872 1 1510065 49229 208 15 7896 15 0 19133 49244 0 0 0 0 0 0
   8       4 sda4 501245 645 167492582 15567426 4235089 359789 118218656 1520400 0 3973323 17087826 0 0 0 0 0 0
   8       5 sda5 84 0 6240 214 0 0 0 0 0 206 214 0 0 0 0 0 0
   8       6 sda6 2179888 1134342 282205998 24454879 551033252 197048328 8747672160 372619311 1 22551553 397074190 0 0 0 0 0 0
 253       0 dm-0 260068 0 166987809 9817665 4535189 0 118218656 2340692 0 10292394 12158357 0 0 0 0 0 0
 253       1 dm-1 3312500 0 282203296 46830247 748081580 0 8747672160 1662028011 1 24371100 1708858258 0 0 0 0 0 0
   7       0 loop0 1987 0 11616 365 0 0 0 0 0 310 365 0 0 0 0 0 0
   7       2 loop2 2570 0 14810 378 0 0 0 0 0 278 378 0 0 0 0 0 0
   7       1 loop1 2790 0 20628 829 0 0 0 0 0 814 829 0 0 0 0 0 0
   7       3 loop3 1972 0 11600 357 0 0 0 0 0 262 357 0 0 0 0 0 0
   7       4 loop4 598 0 4686 954 0 0 0 0 0 344 954 0 0 0 0 0 0
   7       5 loop5 1000 0 33472 1101 0 0 0 0 0 1005 1101 0 0 0 0 0 0
   7       6 loop6 73 0 828 192 0 0 0 0 0 165 192 0 0 0 0 0 0
   7       7 loop7 104 0 3142 285 0 0 0 0 0 284 285 0 0 0 0 0 0
   7       8 loop8 39 0 258 93 0 0 0 0 0 88 93 0 0 0 0 0 0
   7       9 loop9 116 0 6708 261 0 0 0 0 0 238 261 0 0 0 0 0 0
 253       2 dm-2 236602 0 9958178 445687 3209967 0 142324584 332101941 0 268276 332547628 0 0 0 0 0 0
   7      10 loop10 69 0 2434 2 0 0 0 0 0 2 2 0 0 0 0 0 0
   7      11 loop11 11 0 28 0 0 0 0 0 0 0 0 0 0 0 0 0 0
TS 1776790339.008598134 2026-04-21 16:52:19
 259       0 nvme0n1 25218 34922 488418 4449 17 13 240 0 0 2896 4450 0 0 0 0 0 0
 259       1 nvme0n1p1 25103 34922 484866 4444 17 13 240 0 0 2998 4444 0 0 0 0 0 0
   8      16 sdb 98927 139534 9965987 73675 2181232 1028735 142324584 1061499 0 240671 1182867 0 0 0 0 1059617 47692
   8      17 sdb1 98795 139534 9960859 73658 2181232 1028735 142324584 1061499 0 251968 1135157 0 0 0 0 0 0
   8       0 sda 2698150 1136166 451552412 40082182 555272448 197408767 8866022866 374141050 0 19463399 414223233 0 0 0 0 0 0
   8       1 sda1 65 0 520 53 0 0 0 0 0 55 53 0 0 0 0 0 0
   8       2 sda2 911 1178 333703 10104 75 0 82 24 0 1482 10129 0 0 0 0 0 0
   8       3 sda3 15872 1 1510065 49229 208 15 7896 15 0 19133 49244 0 0 0 0 0 0
   8       4 sda4 501245 645 167492582 15567426 4235103 359789 118218888 1520400 0 3973324 17087827 0 0 0 0 0 0
   8       5 sda5 84 0 6240 214 0 0 0 0 0 206 214 0 0 0 0 0 0
   8       6 sda6 2179888 1134342 282205998 24454879 551037062 197048963 8747796000 372620609 1 22552521 397075488 0 0 0 0 0 0
 253       0 dm-0 260068 0 166987809 9817665 4535203 0 118218888 2340693 0 10292395 12158358 0 0 0 0 0 0
 253       1 dm-1 3312500 0 282203296 46830247 748086025 0 8747796000 1662029429 1 24372082 1708859676 0 0 0 0 0 0
   7       0 loop0 1987 0 11616 365 0 0 0 0 0 310 365 0 0 0 0 0 0
   7       2 loop2 2570 0 14810 378 0 0 0 0 0 278 378 0 0 0 0 0 0
   7       1 loop1 2790 0 20628 829 0 0 0 0 0 814 829 0 0 0 0 0 0
   7       3 loop3 1972 0 11600 357 0 0 0 0 0 262 357 0 0 0 0 0 0
   7       4 loop4 598 0 4686 954 0 0 0 0 0 344 954 0 0 0 0 0 0
   7       5 loop5 1000 0 33472 1101 0 0 0 0 0 1005 1101 0 0 0 0 0 0
   7       6 loop6 73 0 828 192 0 0 0 0 0 165 192 0 0 0 0 0 0
   7       7 loop7 104 0 3142 285 0 0 0 0 0 284 285 0 0 0 0 0 0
   7       8 loop8 39 0 258 93 0 0 0 0 0 88 93 0 0 0 0 0 0
   7       9 loop9 116 0 6708 261 0 0 0 0 0 238 261 0 0 0 0 0 0
 253       2 dm-2 236602 0 9958178 445687 3209967 0 142324584 332101941 0 268276 332547628 0 0 0 0 0 0
   7      10 loop10 69 0 2434 2 0 0 0 0 0 2 2 0 0 0 0 0 0
   7      11 loop11 11 0 28 0 0 0 0 0 0 0 0 0 0 0 0 0 0
TS 1776790340.008883681 2026-04-21 16:52:20
 259       0 nvme0n1 25218 34922 488418 4449 17 13 240 0 0 2896 4450 0 0 0 0 0 0
 259       1 nvme0n1p1 25103 34922 484866 4444 17 13 240 0 0 2998 4444 0 0 0 0 0 0
   8      16 sdb 98927 139534 9965987 73675 2181232 1028735 142324584 1061499 0 240671 1182867 0 0 0 0 1059617 47692
   8      17 sdb1 98795 139534 9960859 73658 2181232 1028735 142324584 1061499 0 251968 1135157 0 0 0 0 0 0
   8       0 sda 2698150 1136166 451552412 40082182 555281609 197410582 8866276130 374142501 0 19464158 414224683 0 0 0 0 0 0
   8       1 sda1 65 0 520 53 0 0 0 0 0 55 53 0 0 0 0 0 0
   8       2 sda2 911 1178 333703 10104 75 0 82 24 0 1482 10129 0 0 0 0 0 0
   8       3 sda3 15872 1 1510065 49229 208 15 7896 15 0 19133 49244 0 0 0 0 0 0
   8       4 sda4 501245 645 167492582 15567426 4235117 359789 118219120 1520401 0 3973324 17087827 0 0 0 0 0 0
   8       5 sda5 84 0 6240 214 0 0 0 0 0 206 214 0 0 0 0 0 0
   8       6 sda6 2179888 1134342 282205998 24454879 551046209 197050778 8748049032 372622059 1 22553404 397076939 0 0 0 0 0 0
 253       0 dm-0 260068 0 166987809 9817665 4535217 0 118219120 2340693 0 10292395 12158358 0 0 0 0 0 0
 253       1 dm-1 3312500 0 282203296 46830247 748096987 0 8748049032 1662031253 1 24373009 1708861500 0 0 0 0 0 0
   7       0 loop0 1987 0 11616 365 0 0 0 0 0 310 365 0 0 0 0 0 0
   7       2 loop2 2570 0 14810 378 0 0 0 0 0 278 378 0 0 0 0 0 0
   7       1 loop1 2790 0 20628 829 0 0 0 0 0 814 829 0 0 0 0 0 0
   7       3 loop3 1972 0 11600 357 0 0 0 0 0 262 357 0 0 0 0 0 0
   7       4 loop4 598 0 4686 954 0 0 0 0 0 344 954 0 0 0 0 0 0
   7       5 loop5 1000 0 33472 1101 0 0 0 0 0 1005 1101 0 0 0 0 0 0
   7       6 loop6 73 0 828 192 0 0 0 0 0 165 192 0 0 0 0 0 0
   7       7 loop7 104 0 3142 285 0 0 0 0 0 284 285 0 0 0 0 0 0
   7       8 loop8 39 0 258 93 0 0 0 0 0 88 93 0 0 0 0 0 0
   7       9 loop9 116 0 6708 261 0 0 0 0 0 238 261 0 0 0 0 0 0
 253       2 dm-2 236602 0 9958178 445687 3209967 0 142324584 332101941 0 268276 332547628 0 0 0 0 0 0
   7      10 loop10 69 0 2434 2 0 0 0 0 0 2 2 0 0 0 0 0 0
   7      11 loop11 11 0 28 0 0 0 0 0 0 0 0 0 0 0 0 0 0
TS 1776790341.008966025 2026-04-21 16:52:21
 259       0 nvme0n1 25218 34922 488418 4449 17 13 240 0 0 2896 4450 0 0 0 0 0 0
 259       1 nvme0n1p1 25103 34922 484866 4444 17 13 240 0 0 2998 4444 0 0 0 0 0 0
   8      16 sdb 98927 139534 9965987 73675 2181232 1028735 142324584 1061499 0 240671 1182867 0 0 0 0 1059617 47692
   8      17 sdb1 98795 139534 9960859 73658 2181232 1028735 142324584 1061499 0 251968 1135157 0 0 0 0 0 0
   8       0 sda 2698150 1136166 451552412 40082182 555284882 197411230 8866368954 374143906 0 19464950 414226089 0 0 0 0 0 0
   8       1 sda1 65 0 520 53 0 0 0 0 0 55 53 0 0 0 0 0 0
   8       2 sda2 911 1178 333703 10104 75 0 82 24 0 1482 10129 0 0 0 0 0 0
   8       3 sda3 15872 1 1510065 49229 208 15 7896 15 0 19133 49244 0 0 0 0 0 0
   8       4 sda4 501245 645 167492582 15567426 4235131 359789 118219344 1520704 0 3973628 17088131 0 0 0 0 0 0
   8       5 sda5 84 0 6240 214 0 0 0 0 0 206 214 0 0 0 0 0 0
   8       6 sda6 2179888 1134342 282205998 24454879 551049469 197051426 8748141664 372623161 0 22554372 397078040 0 0 0 0 0 0
 253       0 dm-0 260068 0 166987809 9817665 4535231 0 118219344 2340997 0 10292699 12158662 0 0 0 0 0 0
 253       1 dm-1 3312500 0 282203296 46830247 748100895 0 8748141664 1662032487 0 24373987 1708862734 0 0 0 0 0 0
   7       0 loop0 1987 0 11616 365 0 0 0 0 0 310 365 0 0 0 0 0 0
   7       2 loop2 2570 0 14810 378 0 0 0 0 0 278 378 0 0 0 0 0 0
   7       1 loop1 2790 0 20628 829 0 0 0 0 0 814 829 0 0 0 0 0 0
   7       3 loop3 1972 0 11600 357 0 0 0 0 0 262 357 0 0 0 0 0 0
   7       4 loop4 598 0 4686 954 0 0 0 0 0 344 954 0 0 0 0 0 0
   7       5 loop5 1000 0 33472 1101 0 0 0 0 0 1005 1101 0 0 0 0 0 0
   7       6 loop6 73 0 828 192 0 0 0 0 0 165 192 0 0 0 0 0 0
   7       7 loop7 104 0 3142 285 0 0 0 0 0 284 285 0 0 0 0 0 0
   7       8 loop8 39 0 258 93 0 0 0 0 0 88 93 0 0 0 0 0 0
   7       9 loop9 116 0 6708 261 0 0 0 0 0 238 261 0 0 0 0 0 0
 253       2 dm-2 236602 0 9958178 445687 3209967 0 142324584 332101941 0 268276 332547628 0 0 0 0 0 0
   7      10 loop10 69 0 2434 2 0 0 0 0 0 2 2 0 0 0 0 0 0
   7      11 loop11 11 0 28 0 0 0 0 0 0 0 0 0 0 0 0 0 0
TS 1776790342.008607844 2026-04-21 16:52:22
 259       0 nvme0n1 25218 34922 488418 4449 17 13 240 0 0 2896 4450 0 0 0 0 0 0
 259       1 nvme0n1p1 25103 34922 484866 4444 17 13 240 0 0 2998 4444 0 0 0 0 0 0
   8      16 sdb 98927 139534 9965987 73675 2181232 1028735 142324584 1061499 0 240671 1182867 0 0 0 0 1059617 47692
   8      17 sdb1 98795 139534 9960859 73658 2181232 1028735 142324584 1061499 0 251968 1135157 0 0 0 0 0 0
   8       0 sda 2698150 1136166 451552412 40082182 555292298 197412510 8866583042 374144919 0 19465782 414227102 0 0 0 0 0 0
   8       1 sda1 65 0 520 53 0 0 0 0 0 55 53 0 0 0 0 0 0
   8       2 sda2 911 1178 333703 10104 75 0 82 24 0 1482 10129 0 0 0 0 0 0
   8       3 sda3 15872 1 1510065 49229 208 15 7896 15 0 19133 49244 0 0 0 0 0 0
   8       4 sda4 501245 645 167492582 15567426 4235146 359789 118219832 1520705 0 3973628 17088132 0 0 0 0 0 0
   8       5 sda5 84 0 6240 214 0 0 0 0 0 206 214 0 0 0 0 0 0
   8       6 sda6 2179888 1134342 282205998 24454879 551056869 197052706 8748355232 372624173 1 22555279 397079052 0 0 0 0 0 0
 253       0 dm-0 260068 0 166987809 9817665 4535246 0 118219832 2340997 0 10292699 12158662 0 0 0 0 0 0
 253       1 dm-1 3312500 0 282203296 46830247 748109575 0 8748355232 1662033643 1 24374921 1708863890 0 0 0 0 0 0
   7       0 loop0 1987 0 11616 365 0 0 0 0 0 310 365 0 0 0 0 0 0
   7       2 loop2 2570 0 14810 378 0 0 0 0 0 278 378 0 0 0 0 0 0
   7       1 loop1 2790 0 20628 829 0 0 0 0 0 814 829 0 0 0 0 0 0
   7       3 loop3 1972 0 11600 357 0 0 0 0 0 262 357 0 0 0 0 0 0
   7       4 loop4 598 0 4686 954 0 0 0 0 0 344 954 0 0 0 0 0 0
   7       5 loop5 1000 0 33472 1101 0 0 0 0 0 1005 1101 0 0 0 0 0 0
   7       6 loop6 73 0 828 192 0 0 0 0 0 165 192 0 0 0 0 0 0
   7       7 loop7 104 0 3142 285 0 0 0 0 0 284 285 0 0 0 0 0 0
   7       8 loop8 39 0 258 93 0 0 0 0 0 88 93 0 0 0 0 0 0
   7       9 loop9 116 0 6708 261 0 0 0 0 0 238 261 0 0 0 0 0 0
 253       2 dm-2 236602 0 9958178 445687 3209967 0 142324584 332101941 0 268276 332547628 0 0 0 0 0 0
   7      10 loop10 69 0 2434 2 0 0 0 0 0 2 2 0 0 0 0 0 0
   7      11 loop11 11 0 28 0 0 0 0 0 0 0 0 0 0 0 0 0 0
TS 1776790343.009574459 2026-04-21 16:52:23
 259       0 nvme0n1 25218 34922 488418 4449 17 13 240 0 0 2896 4450 0 0 0 0 0 0
 259       1 nvme0n1p1 25103 34922 484866 4444 17 13 240 0 0 2998 4444 0 0 0 0 0 0
   8      16 sdb 98927 139534 9965987 73675 2181236 1028737 142324624 1061499 0 240671 1182867 0 0 0 0 1059620 47692
   8      17 sdb1 98795 139534 9960859 73658 2181236 1028737 142324624 1061499 0 251968 1135157 0 0 0 0 0 0
   8       0 sda 2698150 1136166 451552412 40082182 555309118 197415775 8866991938 374146526 0 19466458 414228709 0 0 0 0 0 0
   8       1 sda1 65 0 520 53 0 0 0 0 0 55 53 0 0 0 0 0 0
   8       2 sda2 911 1178 333703 10104 75 0 82 24 0 1482 10129 0 0 0 0 0 0
   8       3 sda3 15872 1 1510065 49229 208 15 7896 15 0 19133 49244 0 0 0 0 0 0
   8       4 sda4 501245 645 167492582 15567426 4235162 359789 118220088 1520707 0 3973628 17088134 0 0 0 0 0 0
   8       5 sda5 84 0 6240 214 0 0 0 0 0 206 214 0 0 0 0 0 0
   8       6 sda6 2179888 1134342 282205998 24454879 551073674 197055971 8748763872 372625778 0 22556054 397080658 0 0 0 0 0 0
 253       0 dm-0 260068 0 166987809 9817665 4535262 0 118220088 2340997 0 10292699 12158662 0 0 0 0 0 0
 253       1 dm-1 3312500 0 282203296 46830247 748129645 0 8748763872 1662035694 2 24375788 1708865941 0 0 0 0 0 0
   7       0 loop0 1987 0 11616 365 0 0 0 0 0 310 365 0 0 0 0 0 0
   7       2 loop2 2570 0 14810 378 0 0 0 0 0 278 378 0 0 0 0 0 0
   7       1 loop1 2790 0 20628 829 0 0 0 0 0 814 829 0 0 0 0 0 0
   7       3 loop3 1972 0 11600 357 0 0 0 0 0 262 357 0 0 0 0 0 0
   7       4 loop4 598 0 4686 954 0 0 0 0 0 344 954 0 0 0 0 0 0
   7       5 loop5 1000 0 33472 1101 0 0 0 0 0 1005 1101 0 0 0 0 0 0
   7       6 loop6 73 0 828 192 0 0 0 0 0 165 192 0 0 0 0 0 0
   7       7 loop7 104 0 3142 285 0 0 0 0 0 284 285 0 0 0 0 0 0
   7       8 loop8 39 0 258 93 0 0 0 0 0 88 93 0 0 0 0 0 0
   7       9 loop9 116 0 6708 261 0 0 0 0 0 238 261 0 0 0 0 0 0
 253       2 dm-2 236602 0 9958178 445687 3209973 0 142324624 332101942 0 268277 332547629 0 0 0 0 0 0
   7      10 loop10 69 0 2434 2 0 0 0 0 0 2 2 0 0 0 0 0 0
   7      11 loop11 11 0 28 0 0 0 0 0 0 0 0 0 0 0 0 0 0
TS 1776790344.009241985 2026-04-21 16:52:24
 259       0 nvme0n1 25218 34922 488418 4449 17 13 240 0 0 2896 4450 0 0 0 0 0 0
 259       1 nvme0n1p1 25103 34922 484866 4444 17 13 240 0 0 2998 4444 0 0 0 0 0 0
   8      16 sdb 98927 139534 9965987 73675 2181236 1028737 142324624 1061499 0 240671 1182867 0 0 0 0 1059620 47692
   8      17 sdb1 98795 139534 9960859 73658 2181236 1028737 142324624 1061499 0 251968 1135157 0 0 0 0 0 0
   8       0 sda 2698150 1136166 451552412 40082182 555316103 197417075 8867181346 374147504 0 19467255 414229687 0 0 0 0 0 0
   8       1 sda1 65 0 520 53 0 0 0 0 0 55 53 0 0 0 0 0 0
   8       2 sda2 911 1178 333703 10104 75 0 82 24 0 1482 10129 0 0 0 0 0 0
   8       3 sda3 15872 1 1510065 49229 208 15 7896 15 0 19133 49244 0 0 0 0 0 0
   8       4 sda4 501245 645 167492582 15567426 4235176 359789 118220336 1520707 0 3973628 17088134 0 0 0 0 0 0
   8       5 sda5 84 0 6240 214 0 0 0 0 0 206 214 0 0 0 0 0 0
   8       6 sda6 2179888 1134342 282205998 24454879 551080644 197057271 8748953032 372626757 1 22556951 397081636 0 0 0 0 0 0
 253       0 dm-0 260068 0 166987809 9817665 4535276 0 118220336 2340997 0 10292699 12158662 0 0 0 0 0 0
 253       1 dm-1 3312500 0 282203296 46830247 748137915 0 8748953032 1662036841 1 24376725 1708867088 0 0 0 0 0 0
   7       0 loop0 1987 0 11616 365 0 0 0 0 0 310 365 0 0 0 0 0 0
   7       2 loop2 2570 0 14810 378 0 0 0 0 0 278 378 0 0 0 0 0 0
   7       1 loop1 2790 0 20628 829 0 0 0 0 0 814 829 0 0 0 0 0 0
   7       3 loop3 1972 0 11600 357 0 0 0 0 0 262 357 0 0 0 0 0 0
   7       4 loop4 598 0 4686 954 0 0 0 0 0 344 954 0 0 0 0 0 0
   7       5 loop5 1000 0 33472 1101 0 0 0 0 0 1005 1101 0 0 0 0 0 0
   7       6 loop6 73 0 828 192 0 0 0 0 0 165 192 0 0 0 0 0 0
   7       7 loop7 104 0 3142 285 0 0 0 0 0 284 285 0 0 0 0 0 0
   7       8 loop8 39 0 258 93 0 0 0 0 0 88 93 0 0 0 0 0 0
   7       9 loop9 116 0 6708 261 0 0 0 0 0 238 261 0 0 0 0 0 0
 253       2 dm-2 236602 0 9958178 445687 3209973 0 142324624 332101942 0 268277 332547629 0 0 0 0 0 0
   7      10 loop10 69 0 2434 2 0 0 0 0 0 2 2 0 0 0 0 0 0
   7      11 loop11 11 0 28 0 0 0 0 0 0 0 0 0 0 0 0 0 0
TS 1776790345.009576096 2026-04-21 16:52:25
 259       0 nvme0n1 25218 34922 488418 4449 17 13 240 0 0 2896 4450 0 0 0 0 0 0
 259       1 nvme0n1p1 25103 34922 484866 4444 17 13 240 0 0 2998 4444 0 0 0 0 0 0
   8      16 sdb 98927 139534 9965987 73675 2181236 1028737 142324624 1061499 0 240671 1182867 0 0 0 0 1059620 47692
   8      17 sdb1 98795 139534 9960859 73658 2181236 1028737 142324624 1061499 0 251968 1135157 0 0 0 0 0 0
   8       0 sda 2698150 1136166 451552412 40082182 555319650 197417798 8867283674 374149131 0 19467836 414231314 0 0 0 0 0 0
   8       1 sda1 65 0 520 53 0 0 0 0 0 55 53 0 0 0 0 0 0
   8       2 sda2 911 1178 333703 10104 75 0 82 24 0 1482 10129 0 0 0 0 0 0
   8       3 sda3 15872 1 1510065 49229 208 15 7896 15 0 19133 49244 0 0 0 0 0 0
   8       4 sda4 501245 645 167492582 15567426 4235190 359789 118220568 1520708 0 3973628 17088135 0 0 0 0 0 0
   8       5 sda5 84 0 6240 214 0 0 0 0 0 206 214 0 0 0 0 0 0
   8       6 sda6 2179888 1134342 282205998 24454879 551084177 197057994 8749055128 372628382 1 22557927 397083262 0 0 0 0 0 0
 253       0 dm-0 260068 0 166987809 9817665 4535290 0 118220568 2340997 0 10292699 12158662 0 0 0 0 0 0
 253       1 dm-1 3312500 0 282203296 46830247 748142171 0 8749055128 1662038666 1 24377713 1708868913 0 0 0 0 0 0
   7       0 loop0 1987 0 11616 365 0 0 0 0 0 310 365 0 0 0 0 0 0
   7       2 loop2 2570 0 14810 378 0 0 0 0 0 278 378 0 0 0 0 0 0
   7       1 loop1 2790 0 20628 829 0 0 0 0 0 814 829 0 0 0 0 0 0
   7       3 loop3 1972 0 11600 357 0 0 0 0 0 262 357 0 0 0 0 0 0
   7       4 loop4 598 0 4686 954 0 0 0 0 0 344 954 0 0 0 0 0 0
   7       5 loop5 1000 0 33472 1101 0 0 0 0 0 1005 1101 0 0 0 0 0 0
   7       6 loop6 73 0 828 192 0 0 0 0 0 165 192 0 0 0 0 0 0
   7       7 loop7 104 0 3142 285 0 0 0 0 0 284 285 0 0 0 0 0 0
   7       8 loop8 39 0 258 93 0 0 0 0 0 88 93 0 0 0 0 0 0
   7       9 loop9 116 0 6708 261 0 0 0 0 0 238 261 0 0 0 0 0 0
 253       2 dm-2 236602 0 9958178 445687 3209973 0 142324624 332101942 0 268277 332547629 0 0 0 0 0 0
   7      10 loop10 69 0 2434 2 0 0 0 0 0 2 2 0 0 0 0 0 0
   7      11 loop11 11 0 28 0 0 0 0 0 0 0 0 0 0 0 0 0 0
TS 1776790346.008659714 2026-04-21 16:52:26
 259       0 nvme0n1 25218 34922 488418 4449 17 13 240 0 0 2896 4450 0 0 0 0 0 0
 259       1 nvme0n1p1 25103 34922 484866 4444 17 13 240 0 0 2998 4444 0 0 0 0 0 0
   8      16 sdb 98927 139534 9965987 73675 2181236 1028737 142324624 1061499 0 240671 1182867 0 0 0 0 1059620 47692
   8      17 sdb1 98795 139534 9960859 73658 2181236 1028737 142324624 1061499 0 251968 1135157 0 0 0 0 0 0
   8       0 sda 2698150 1136166 451552412 40082182 555321786 197418172 8867355530 374150401 0 19468489 414232583 0 0 0 0 0 0
   8       1 sda1 65 0 520 53 0 0 0 0 0 55 53 0 0 0 0 0 0
   8       2 sda2 911 1178 333703 10104 75 0 82 24 0 1482 10129 0 0 0 0 0 0
   8       3 sda3 15872 1 1510065 49229 208 15 7896 15 0 19133 49244 0 0 0 0 0 0
   8       4 sda4 501245 645 167492582 15567426 4235204 359789 118220792 1520708 0 3973628 17088135 0 0 0 0 0 0
   8       5 sda5 84 0 6240 214 0 0 0 0 0 206 214 0 0 0 0 0 0
   8       6 sda6 2179888 1134342 282205998 24454879 551086299 197058368 8749126760 372629652 1 22558904 397084531 0 0 0 0 0 0
 253       0 dm-0 260068 0 166987809 9817665 4535304 0 118220792 2340997 0 10292699 12158662 0 0 0 0 0 0
 253       1 dm-1 3312500 0 282203296 46830247 748144667 0 8749126760 1662040035 1 24378699 1708870282 0 0 0 0 0 0
   7       0 loop0 1987 0 11616 365 0 0 0 0 0 310 365 0 0 0 0 0 0
   7       2 loop2 2570 0 14810 378 0 0 0 0 0 278 378 0 0 0 0 0 0
   7       1 loop1 2790 0 20628 829 0 0 0 0 0 814 829 0 0 0 0 0 0
   7       3 loop3 1972 0 11600 357 0 0 0 0 0 262 357 0 0 0 0 0 0
   7       4 loop4 598 0 4686 954 0 0 0 0 0 344 954 0 0 0 0 0 0
   7       5 loop5 1000 0 33472 1101 0 0 0 0 0 1005 1101 0 0 0 0 0 0
   7       6 loop6 73 0 828 192 0 0 0 0 0 165 192 0 0 0 0 0 0
   7       7 loop7 104 0 3142 285 0 0 0 0 0 284 285 0 0 0 0 0 0
   7       8 loop8 39 0 258 93 0 0 0 0 0 88 93 0 0 0 0 0 0
   7       9 loop9 116 0 6708 261 0 0 0 0 0 238 261 0 0 0 0 0 0
 253       2 dm-2 236602 0 9958178 445687 3209973 0 142324624 332101942 0 268277 332547629 0 0 0 0 0 0
   7      10 loop10 69 0 2434 2 0 0 0 0 0 2 2 0 0 0 0 0 0
   7      11 loop11 11 0 28 0 0 0 0 0 0 0 0 0 0 0 0 0 0
TS 1776790347.009313297 2026-04-21 16:52:27
 259       0 nvme0n1 25218 34922 488418 4449 17 13 240 0 0 2896 4450 0 0 0 0 0 0
 259       1 nvme0n1p1 25103 34922 484866 4444 17 13 240 0 0 2998 4444 0 0 0 0 0 0
   8      16 sdb 98927 139534 9965987 73675 2181239 1028738 142324656 1061499 0 240671 1182868 0 0 0 0 1059620 47692
   8      17 sdb1 98795 139534 9960859 73658 2181239 1028738 142324656 1061499 0 251968 1135158 0 0 0 0 0 0
   8       0 sda 2698150 1136166 451552412 40082182 555325249 197418781 8867463514 374151509 0 19469342 414233692 0 0 0 0 0 0
   8       1 sda1 65 0 520 53 0 0 0 0 0 55 53 0 0 0 0 0 0
   8       2 sda2 911 1178 333703 10104 75 0 82 24 0 1482 10129 0 0 0 0 0 0
   8       3 sda3 15872 1 1510065 49229 208 15 7896 15 0 19133 49244 0 0 0 0 0 0
   8       4 sda4 501245 645 167492582 15567426 4235220 359789 118221032 1520709 0 3973629 17088136 0 0 0 0 0 0
   8       5 sda5 84 0 6240 214 0 0 0 0 0 206 214 0 0 0 0 0 0
   8       6 sda6 2179888 1134342 282205998 24454879 551089746 197058977 8749234504 372630759 1 22559860 397085638 0 0 0 0 0 0
 253       0 dm-0 260068 0 166987809 9817665 4535320 0 118221032 2340998 0 10292700 12158663 0 0 0 0 0 0
 253       1 dm-1 3312500 0 282203296 46830247 748148724 0 8749234504 1662041246 0 24379673 1708871493 0 0 0 0 0 0
   7       0 loop0 1987 0 11616 365 0 0 0 0 0 310 365 0 0 0 0 0 0
   7       2 loop2 2570 0 14810 378 0 0 0 0 0 278 378 0 0 0 0 0 0
   7       1 loop1 2790 0 20628 829 0 0 0 0 0 814 829 0 0 0 0 0 0
   7       3 loop3 1972 0 11600 357 0 0 0 0 0 262 357 0 0 0 0 0 0
   7       4 loop4 598 0 4686 954 0 0 0 0 0 344 954 0 0 0 0 0 0
   7       5 loop5 1000 0 33472 1101 0 0 0 0 0 1005 1101 0 0 0 0 0 0
   7       6 loop6 73 0 828 192 0 0 0 0 0 165 192 0 0 0 0 0 0
   7       7 loop7 104 0 3142 285 0 0 0 0 0 284 285 0 0 0 0 0 0
   7       8 loop8 39 0 258 93 0 0 0 0 0 88 93 0 0 0 0 0 0
   7       9 loop9 116 0 6708 261 0 0 0 0 0 238 261 0 0 0 0 0 0
 253       2 dm-2 236602 0 9958178 445687 3209977 0 142324656 332101942 0 268277 332547629 0 0 0 0 0 0
   7      10 loop10 69 0 2434 2 0 0 0 0 0 2 2 0 0 0 0 0 0
   7      11 loop11 11 0 28 0 0 0 0 0 0 0 0 0 0 0 0 0 0
TS 1776790348.008759106 2026-04-21 16:52:28
 259       0 nvme0n1 25218 34922 488418 4449 17 13 240 0 0 2896 4450 0 0 0 0 0 0
 259       1 nvme0n1p1 25103 34922 484866 4444 17 13 240 0 0 2998 4444 0 0 0 0 0 0
   8      16 sdb 98927 139534 9965987 73675 2181244 1028745 142324744 1061500 0 240671 1182868 0 0 0 0 1059623 47692
   8      17 sdb1 98795 139534 9960859 73658 2181244 1028745 142324744 1061500 0 251968 1135158 0 0 0 0 0 0
   8       0 sda 2698150 1136166 451552412 40082182 555331148 197419891 8867639050 374152611 0 19470045 414234794 0 0 0 0 0 0
   8       1 sda1 65 0 520 53 0 0 0 0 0 55 53 0 0 0 0 0 0
   8       2 sda2 911 1178 333703 10104 75 0 82 24 0 1482 10129 0 0 0 0 0 0
   8       3 sda3 15872 1 1510065 49229 208 15 7896 15 0 19133 49244 0 0 0 0 0 0
   8       4 sda4 501245 645 167492582 15567426 4235234 359789 118221264 1520709 0 3973630 17088136 0 0 0 0 0 0
   8       5 sda5 84 0 6240 214 0 0 0 0 0 206 214 0 0 0 0 0 0
   8       6 sda6 2179888 1134342 282205998 24454879 551095631 197060087 8749409808 372631861 1 22560793 397086740 0 0 0 0 0 0
 253       0 dm-0 260068 0 166987809 9817665 4535334 0 118221264 2340999 0 10292701 12158664 0 0 0 0 0 0
 253       1 dm-1 3312500 0 282203296 46830247 748155718 0 8749409808 1662042557 1 24380639 1708872804 0 0 0 0 0 0
   7       0 loop0 1987 0 11616 365 0 0 0 0 0 310 365 0 0 0 0 0 0
   7       2 loop2 2570 0 14810 378 0 0 0 0 0 278 378 0 0 0 0 0 0
   7       1 loop1 2790 0 20628 829 0 0 0 0 0 814 829 0 0 0 0 0 0
   7       3 loop3 1972 0 11600 357 0 0 0 0 0 262 357 0 0 0 0 0 0
   7       4 loop4 598 0 4686 954 0 0 0 0 0 344 954 0 0 0 0 0 0
   7       5 loop5 1000 0 33472 1101 0 0 0 0 0 1005 1101 0 0 0 0 0 0
   7       6 loop6 73 0 828 192 0 0 0 0 0 165 192 0 0 0 0 0 0
   7       7 loop7 104 0 3142 285 0 0 0 0 0 284 285 0 0 0 0 0 0
   7       8 loop8 39 0 258 93 0 0 0 0 0 88 93 0 0 0 0 0 0
   7       9 loop9 116 0 6708 261 0 0 0 0 0 238 261 0 0 0 0 0 0
 253       2 dm-2 236602 0 9958178 445687 3209989 0 142324744 332101952 0 268278 332547639 0 0 0 0 0 0
   7      10 loop10 69 0 2434 2 0 0 0 0 0 2 2 0 0 0 0 0 0
   7      11 loop11 11 0 28 0 0 0 0 0 0 0 0 0 0 0 0 0 0
TS 1776790349.009302270 2026-04-21 16:52:29
 259       0 nvme0n1 25218 34922 488418 4449 17 13 240 0 0 2896 4450 0 0 0 0 0 0
 259       1 nvme0n1p1 25103 34922 484866 4444 17 13 240 0 0 2998 4444 0 0 0 0 0 0
   8      16 sdb 98927 139534 9965987 73675 2181244 1028745 142324744 1061500 0 240671 1182868 0 0 0 0 1059623 47692
   8      17 sdb1 98795 139534 9960859 73658 2181244 1028745 142324744 1061500 0 251968 1135158 0 0 0 0 0 0
   8       0 sda 2698150 1136166 451552412 40082182 555334902 197420603 8867751658 374153723 0 19470838 414235906 0 0 0 0 0 0
   8       1 sda1 65 0 520 53 0 0 0 0 0 55 53 0 0 0 0 0 0
   8       2 sda2 911 1178 333703 10104 75 0 82 24 0 1482 10129 0 0 0 0 0 0
   8       3 sda3 15872 1 1510065 49229 208 15 7896 15 0 19133 49244 0 0 0 0 0 0
   8       4 sda4 501245 645 167492582 15567426 4235250 359789 118221504 1520710 0 3973631 17088137 0 0 0 0 0 0
   8       5 sda5 84 0 6240 214 0 0 0 0 0 206 214 0 0 0 0 0 0
   8       6 sda6 2179888 1134342 282205998 24454879 551099369 197060799 8749522176 372632972 1 22561745 397087852 0 0 0 0 0 0
 253       0 dm-0 260068 0 166987809 9817665 4535350 0 118221504 2341000 0 10292702 12158665 0 0 0 0 0 0
 253       1 dm-1 3312500 0 282203296 46830247 748160168 0 8749522176 1662043797 1 24381617 1708874044 0 0 0 0 0 0
   7       0 loop0 1987 0 11616 365 0 0 0 0 0 310 365 0 0 0 0 0 0
   7       2 loop2 2570 0 14810 378 0 0 0 0 0 278 378 0 0 0 0 0 0
   7       1 loop1 2790 0 20628 829 0 0 0 0 0 814 829 0 0 0 0 0 0
   7       3 loop3 1972 0 11600 357 0 0 0 0 0 262 357 0 0 0 0 0 0
   7       4 loop4 598 0 4686 954 0 0 0 0 0 344 954 0 0 0 0 0 0
   7       5 loop5 1000 0 33472 1101 0 0 0 0 0 1005 1101 0 0 0 0 0 0
   7       6 loop6 73 0 828 192 0 0 0 0 0 165 192 0 0 0 0 0 0
   7       7 loop7 104 0 3142 285 0 0 0 0 0 284 285 0 0 0 0 0 0
   7       8 loop8 39 0 258 93 0 0 0 0 0 88 93 0 0 0 0 0 0
   7       9 loop9 116 0 6708 261 0 0 0 0 0 238 261 0 0 0 0 0 0
 253       2 dm-2 236602 0 9958178 445687 3209989 0 142324744 332101952 0 268278 332547639 0 0 0 0 0 0
   7      10 loop10 69 0 2434 2 0 0 0 0 0 2 2 0 0 0 0 0 0
   7      11 loop11 11 0 28 0 0 0 0 0 0 0 0 0 0 0 0 0 0
TS 1776790350.008816742 2026-04-21 16:52:30
 259       0 nvme0n1 25218 34922 488418 4449 17 13 240 0 0 2896 4450 0 0 0 0 0 0
 259       1 nvme0n1p1 25103 34922 484866 4444 17 13 240 0 0 2998 4444 0 0 0 0 0 0
   8      16 sdb 98927 139534 9965987 73675 2181244 1028745 142324744 1061500 0 240671 1182868 0 0 0 0 1059623 47692
   8      17 sdb1 98795 139534 9960859 73658 2181244 1028745 142324744 1061500 0 251968 1135158 0 0 0 0 0 0
   8       0 sda 2698150 1136166 451552412 40082182 555339278 197421290 8867882594 374154854 0 19471580 414237037 0 0 0 0 0 0
   8       1 sda1 65 0 520 53 0 0 0 0 0 55 53 0 0 0 0 0 0
   8       2 sda2 911 1178 333703 10104 75 0 82 24 0 1482 10129 0 0 0 0 0 0
   8       3 sda3 15872 1 1510065 49229 208 15 7896 15 0 19133 49244 0 0 0 0 0 0
   8       4 sda4 501245 645 167492582 15567426 4235264 359789 118221736 1520711 0 3973631 17088138 0 0 0 0 0 0
   8       5 sda5 84 0 6240 214 0 0 0 0 0 206 214 0 0 0 0 0 0
   8       6 sda6 2179888 1134342 282205998 24454879 551103731 197061486 8749652880 372634102 1 22562699 397088981 0 0 0 0 0 0
 253       0 dm-0 260068 0 166987809 9817665 4535364 0 118221736 2341000 0 10292702 12158665 0 0 0 0 0 0
 253       1 dm-1 3312500 0 282203296 46830247 748165217 0 8749652880 1662045067 1 24382592 1708875314 0 0 0 0 0 0
   7       0 loop0 1987 0 11616 365 0 0 0 0 0 310 365 0 0 0 0 0 0
   7       2 loop2 2570 0 14810 378 0 0 0 0 0 278 378 0 0 0 0 0 0
   7       1 loop1 2790 0 20628 829 0 0 0 0 0 814 829 0 0 0 0 0 0
   7       3 loop3 1972 0 11600 357 0 0 0 0 0 262 357 0 0 0 0 0 0
   7       4 loop4 598 0 4686 954 0 0 0 0 0 344 954 0 0 0 0 0 0
   7       5 loop5 1000 0 33472 1101 0 0 0 0 0 1005 1101 0 0 0 0 0 0
   7       6 loop6 73 0 828 192 0 0 0 0 0 165 192 0 0 0 0 0 0
   7       7 loop7 104 0 3142 285 0 0 0 0 0 284 285 0 0 0 0 0 0
   7       8 loop8 39 0 258 93 0 0 0 0 0 88 93 0 0 0 0 0 0
   7       9 loop9 116 0 6708 261 0 0 0 0 0 238 261 0 0 0 0 0 0
 253       2 dm-2 236602 0 9958178 445687 3209989 0 142324744 332101952 0 268278 332547639 0 0 0 0 0 0
   7      10 loop10 69 0 2434 2 0 0 0 0 0 2 2 0 0 0 0 0 0
   7      11 loop11 11 0 28 0 0 0 0 0 0 0 0 0 0 0 0 0 0
TS 1776790351.009049062 2026-04-21 16:52:31
 259       0 nvme0n1 25218 34922 488418 4449 17 13 240 0 0 2896 4450 0 0 0 0 0 0
 259       1 nvme0n1p1 25103 34922 484866 4444 17 13 240 0 0 2998 4444 0 0 0 0 0 0
   8      16 sdb 98927 139534 9965987 73675 2181244 1028745 142324744 1061500 0 240671 1182868 0 0 0 0 1059623 47692
   8      17 sdb1 98795 139534 9960859 73658 2181244 1028745 142324744 1061500 0 251968 1135158 0 0 0 0 0 0
   8       0 sda 2698150 1136166 451552412 40082182 555344831 197422471 8868042034 374156273 0 19472446 414238455 0 0 0 0 0 0
   8       1 sda1 65 0 520 53 0 0 0 0 0 55 53 0 0 0 0 0 0
   8       2 sda2 911 1178 333703 10104 75 0 82 24 0 1482 10129 0 0 0 0 0 0
   8       3 sda3 15872 1 1510065 49229 208 15 7896 15 0 19133 49244 0 0 0 0 0 0
   8       4 sda4 501245 645 167492582 15567426 4235278 359789 118221960 1520711 0 3973631 17088138 0 0 0 0 0 0
   8       5 sda5 84 0 6240 214 0 0 0 0 0 206 214 0 0 0 0 0 0
   8       6 sda6 2179888 1134342 282205998 24454879 551109272 197062667 8749812104 372635521 1 22563636 397090400 0 0 0 0 0 0
 253       0 dm-0 260068 0 166987809 9817665 4535378 0 118221960 2341000 0 10292702 12158665 0 0 0 0 0 0
 253       1 dm-1 3312500 0 282203296 46830247 748171939 0 8749812104 1662046782 1 24383556 1708877029 0 0 0 0 0 0
   7       0 loop0 1987 0 11616 365 0 0 0 0 0 310 365 0 0 0 0 0 0
   7       2 loop2 2570 0 14810 378 0 0 0 0 0 278 378 0 0 0 0 0 0
   7       1 loop1 2790 0 20628 829 0 0 0 0 0 814 829 0 0 0 0 0 0
   7       3 loop3 1972 0 11600 357 0 0 0 0 0 262 357 0 0 0 0 0 0
   7       4 loop4 598 0 4686 954 0 0 0 0 0 344 954 0 0 0 0 0 0
   7       5 loop5 1000 0 33472 1101 0 0 0 0 0 1005 1101 0 0 0 0 0 0
   7       6 loop6 73 0 828 192 0 0 0 0 0 165 192 0 0 0 0 0 0
   7       7 loop7 104 0 3142 285 0 0 0 0 0 284 285 0 0 0 0 0 0
   7       8 loop8 39 0 258 93 0 0 0 0 0 88 93 0 0 0 0 0 0
   7       9 loop9 116 0 6708 261 0 0 0 0 0 238 261 0 0 0 0 0 0
 253       2 dm-2 236602 0 9958178 445687 3209989 0 142324744 332101952 0 268278 332547639 0 0 0 0 0 0
   7      10 loop10 69 0 2434 2 0 0 0 0 0 2 2 0 0 0 0 0 0
   7      11 loop11 11 0 28 0 0 0 0 0 0 0 0 0 0 0 0 0 0
TS 1776790352.008973736 2026-04-21 16:52:32
 259       0 nvme0n1 25218 34922 488418 4449 17 13 240 0 0 2896 4450 0 0 0 0 0 0
 259       1 nvme0n1p1 25103 34922 484866 4444 17 13 240 0 0 2998 4444 0 0 0 0 0 0
   8      16 sdb 98927 139534 9965987 73675 2181244 1028745 142324744 1061500 0 240671 1182868 0 0 0 0 1059623 47692
   8      17 sdb1 98795 139534 9960859 73658 2181244 1028745 142324744 1061500 0 251968 1135158 0 0 0 0 0 0
   8       0 sda 2698150 1136166 451552412 40082182 555348736 197423265 8868153002 374158168 0 19473305 414240351 0 0 0 0 0 0
   8       1 sda1 65 0 520 53 0 0 0 0 0 55 53 0 0 0 0 0 0
   8       2 sda2 911 1178 333703 10104 75 0 82 24 0 1482 10129 0 0 0 0 0 0
   8       3 sda3 15872 1 1510065 49229 208 15 7896 15 0 19133 49244 0 0 0 0 0 0
   8       4 sda4 501245 645 167492582 15567426 4235292 359789 118222192 1520712 0 3973631 17088139 0 0 0 0 0 0
   8       5 sda5 84 0 6240 214 0 0 0 0 0 206 214 0 0 0 0 0 0
   8       6 sda6 2179888 1134342 282205998 24454879 551113161 197063461 8749922832 372637416 1 22564601 397092295 0 0 0 0 0 0
 253       0 dm-0 260068 0 166987809 9817665 4535392 0 118222192 2341000 0 10292702 12158665 0 0 0 0 0 0
 253       1 dm-1 3312500 0 282203296 46830247 748176622 0 8749922832 1662048828 1 24384533 1708879075 0 0 0 0 0 0
   7       0 loop0 1987 0 11616 365 0 0 0 0 0 310 365 0 0 0 0 0 0
   7       2 loop2 2570 0 14810 378 0 0 0 0 0 278 378 0 0 0 0 0 0
   7       1 loop1 2790 0 20628 829 0 0 0 0 0 814 829 0 0 0 0 0 0
   7       3 loop3 1972 0 11600 357 0 0 0 0 0 262 357 0 0 0 0 0 0
   7       4 loop4 598 0 4686 954 0 0 0 0 0 344 954 0 0 0 0 0 0
   7       5 loop5 1000 0 33472 1101 0 0 0 0 0 1005 1101 0 0 0 0 0 0
   7       6 loop6 73 0 828 192 0 0 0 0 0 165 192 0 0 0 0 0 0
   7       7 loop7 104 0 3142 285 0 0 0 0 0 284 285 0 0 0 0 0 0
   7       8 loop8 39 0 258 93 0 0 0 0 0 88 93 0 0 0 0 0 0
   7       9 loop9 116 0 6708 261 0 0 0 0 0 238 261 0 0 0 0 0 0
 253       2 dm-2 236602 0 9958178 445687 3209989 0 142324744 332101952 0 268278 332547639 0 0 0 0 0 0
   7      10 loop10 69 0 2434 2 0 0 0 0 0 2 2 0 0 0 0 0 0
   7      11 loop11 11 0 28 0 0 0 0 0 0 0 0 0 0 0 0 0 0
TS 1776790353.008860859 2026-04-21 16:52:33
 259       0 nvme0n1 25218 34922 488418 4449 17 13 240 0 0 2896 4450 0 0 0 0 0 0
 259       1 nvme0n1p1 25103 34922 484866 4444 17 13 240 0 0 2998 4444 0 0 0 0 0 0
   8      16 sdb 98927 139534 9965987 73675 2181249 1028746 142324784 1061500 0 240672 1182869 0 0 0 0 1059626 47692
   8      17 sdb1 98795 139534 9960859 73658 2181249 1028746 142324784 1061500 0 251969 1135159 0 0 0 0 0 0
   8       0 sda 2698150 1136166 451552412 40082182 555357867 197425369 8868373506 374159255 0 19473844 414241438 0 0 0 0 0 0
   8       1 sda1 65 0 520 53 0 0 0 0 0 55 53 0 0 0 0 0 0
   8       2 sda2 911 1178 333703 10104 75 0 82 24 0 1482 10129 0 0 0 0 0 0
   8       3 sda3 15872 1 1510065 49229 208 15 7896 15 0 19133 49244 0 0 0 0 0 0
   8       4 sda4 501245 645 167492582 15567426 4235306 359789 118222416 1520712 0 3973631 17088139 0 0 0 0 0 0
   8       5 sda5 84 0 6240 214 0 0 0 0 0 206 214 0 0 0 0 0 0
   8       6 sda6 2179888 1134342 282205998 24454879 551122278 197065565 8750143112 372638502 2 22565425 397093381 0 0 0 0 0 0
 253       0 dm-0 260068 0 166987809 9817665 4535406 0 118222416 2341000 0 10292702 12158665 0 0 0 0 0 0
 253       1 dm-1 3312500 0 282203296 46830247 748187843 0 8750143112 1662050122 2 24385430 1708880369 0 0 0 0 0 0
   7       0 loop0 1987 0 11616 365 0 0 0 0 0 310 365 0 0 0 0 0 0
   7       2 loop2 2570 0 14810 378 0 0 0 0 0 278 378 0 0 0 0 0 0
   7       1 loop1 2790 0 20628 829 0 0 0 0 0 814 829 0 0 0 0 0 0
   7       3 loop3 1972 0 11600 357 0 0 0 0 0 262 357 0 0 0 0 0 0
   7       4 loop4 598 0 4686 954 0 0 0 0 0 344 954 0 0 0 0 0 0
   7       5 loop5 1000 0 33472 1101 0 0 0 0 0 1005 1101 0 0 0 0 0 0
   7       6 loop6 73 0 828 192 0 0 0 0 0 165 192 0 0 0 0 0 0
   7       7 loop7 104 0 3142 285 0 0 0 0 0 284 285 0 0 0 0 0 0
   7       8 loop8 39 0 258 93 0 0 0 0 0 88 93 0 0 0 0 0 0
   7       9 loop9 116 0 6708 261 0 0 0 0 0 238 261 0 0 0 0 0 0
 253       2 dm-2 236602 0 9958178 445687 3209995 0 142324784 332101953 0 268279 332547640 0 0 0 0 0 0
   7      10 loop10 69 0 2434 2 0 0 0 0 0 2 2 0 0 0 0 0 0
   7      11 loop11 11 0 28 0 0 0 0 0 0 0 0 0 0 0 0 0 0
TS 1776790354.008861005 2026-04-21 16:52:34
 259       0 nvme0n1 25218 34922 488418 4449 17 13 240 0 0 2896 4450 0 0 0 0 0 0
 259       1 nvme0n1p1 25103 34922 484866 4444 17 13 240 0 0 2998 4444 0 0 0 0 0 0
   8      16 sdb 98927 139534 9965987 73675 2181249 1028746 142324784 1061500 0 240672 1182869 0 0 0 0 1059626 47692
   8      17 sdb1 98795 139534 9960859 73658 2181249 1028746 142324784 1061500 0 251969 1135159 0 0 0 0 0 0
   8       0 sda 2698150 1136166 451552412 40082182 555363924 197426364 8868532834 374160505 0 19474738 414242688 0 0 0 0 0 0
   8       1 sda1 65 0 520 53 0 0 0 0 0 55 53 0 0 0 0 0 0
   8       2 sda2 911 1178 333703 10104 75 0 82 24 0 1482 10129 0 0 0 0 0 0
   8       3 sda3 15872 1 1510065 49229 208 15 7896 15 0 19133 49244 0 0 0 0 0 0
   8       4 sda4 501245 645 167492582 15567426 4235322 359789 118222656 1520829 0 3973748 17088256 0 0 0 0 0 0
   8       5 sda5 84 0 6240 214 0 0 0 0 0 206 214 0 0 0 0 0 0
   8       6 sda6 2179888 1134342 282205998 24454879 551128319 197066560 8750302200 372639635 1 22566359 397094514 0 0 0 0 0 0
 253       0 dm-0 260068 0 166987809 9817665 4535422 0 118222656 2341117 0 10292819 12158782 0 0 0 0 0 0
 253       1 dm-1 3312500 0 282203296 46830247 748194879 0 8750302200 1662051411 1 24386388 1708881658 0 0 0 0 0 0
   7       0 loop0 1987 0 11616 365 0 0 0 0 0 310 365 0 0 0 0 0 0
   7       2 loop2 2570 0 14810 378 0 0 0 0 0 278 378 0 0 0 0 0 0
   7       1 loop1 2790 0 20628 829 0 0 0 0 0 814 829 0 0 0 0 0 0
   7       3 loop3 1972 0 11600 357 0 0 0 0 0 262 357 0 0 0 0 0 0
   7       4 loop4 598 0 4686 954 0 0 0 0 0 344 954 0 0 0 0 0 0
   7       5 loop5 1000 0 33472 1101 0 0 0 0 0 1005 1101 0 0 0 0 0 0
   7       6 loop6 73 0 828 192 0 0 0 0 0 165 192 0 0 0 0 0 0
   7       7 loop7 104 0 3142 285 0 0 0 0 0 284 285 0 0 0 0 0 0
   7       8 loop8 39 0 258 93 0 0 0 0 0 88 93 0 0 0 0 0 0
   7       9 loop9 116 0 6708 261 0 0 0 0 0 238 261 0 0 0 0 0 0
 253       2 dm-2 236602 0 9958178 445687 3209995 0 142324784 332101953 0 268279 332547640 0 0 0 0 0 0
   7      10 loop10 69 0 2434 2 0 0 0 0 0 2 2 0 0 0 0 0 0
   7      11 loop11 11 0 28 0 0 0 0 0 0 0 0 0 0 0 0 0 0
TS 1776790355.009118676 2026-04-21 16:52:35
 259       0 nvme0n1 25218 34922 488418 4449 17 13 240 0 0 2896 4450 0 0 0 0 0 0
 259       1 nvme0n1p1 25103 34922 484866 4444 17 13 240 0 0 2998 4444 0 0 0 0 0 0
   8      16 sdb 98927 139534 9965987 73675 2181249 1028746 142324784 1061500 0 240672 1182869 0 0 0 0 1059626 47692
   8      17 sdb1 98795 139534 9960859 73658 2181249 1028746 142324784 1061500 0 251969 1135159 0 0 0 0 0 0
   8       0 sda 2698150 1136166 451552412 40082182 555369805 197427354 8868698890 374161684 0 19475167 414243867 0 0 0 0 0 0
   8       1 sda1 65 0 520 53 0 0 0 0 0 55 53 0 0 0 0 0 0
   8       2 sda2 911 1178 333703 10104 75 0 82 24 0 1482 10129 0 0 0 0 0 0
   8       3 sda3 15872 1 1510065 49229 208 15 7896 15 0 19133 49244 0 0 0 0 0 0
   8       4 sda4 501245 645 167492582 15567426 4235336 359789 118222888 1520830 0 3973748 17088257 0 0 0 0 0 0
   8       5 sda5 84 0 6240 214 0 0 0 0 0 206 214 0 0 0 0 0 0
   8       6 sda6 2179888 1134342 282205998 24454879 551134186 197067550 8750468024 372640814 1 22567292 397095693 0 0 0 0 0 0
 253       0 dm-0 260068 0 166987809 9817665 4535436 0 118222888 2341117 0 10292819 12158782 0 0 0 0 0 0
 253       1 dm-1 3312500 0 282203296 46830247 748201736 0 8750468024 1662052773 1 24387342 1708883020 0 0 0 0 0 0
   7       0 loop0 1987 0 11616 365 0 0 0 0 0 310 365 0 0 0 0 0 0
   7       2 loop2 2570 0 14810 378 0 0 0 0 0 278 378 0 0 0 0 0 0
   7       1 loop1 2790 0 20628 829 0 0 0 0 0 814 829 0 0 0 0 0 0
   7       3 loop3 1972 0 11600 357 0 0 0 0 0 262 357 0 0 0 0 0 0
   7       4 loop4 598 0 4686 954 0 0 0 0 0 344 954 0 0 0 0 0 0
   7       5 loop5 1000 0 33472 1101 0 0 0 0 0 1005 1101 0 0 0 0 0 0
   7       6 loop6 73 0 828 192 0 0 0 0 0 165 192 0 0 0 0 0 0
   7       7 loop7 104 0 3142 285 0 0 0 0 0 284 285 0 0 0 0 0 0
   7       8 loop8 39 0 258 93 0 0 0 0 0 88 93 0 0 0 0 0 0
   7       9 loop9 116 0 6708 261 0 0 0 0 0 238 261 0 0 0 0 0 0
 253       2 dm-2 236602 0 9958178 445687 3209995 0 142324784 332101953 0 268279 332547640 0 0 0 0 0 0
   7      10 loop10 69 0 2434 2 0 0 0 0 0 2 2 0 0 0 0 0 0
   7      11 loop11 11 0 28 0 0 0 0 0 0 0 0 0 0 0 0 0 0
TS 1776790356.009081280 2026-04-21 16:52:36
 259       0 nvme0n1 25218 34922 488418 4449 17 13 240 0 0 2896 4450 0 0 0 0 0 0
 259       1 nvme0n1p1 25103 34922 484866 4444 17 13 240 0 0 2998 4444 0 0 0 0 0 0
   8      16 sdb 98927 139534 9965987 73675 2181249 1028746 142324784 1061500 0 240672 1182869 0 0 0 0 1059626 47692
   8      17 sdb1 98795 139534 9960859 73658 2181249 1028746 142324784 1061500 0 251969 1135159 0 0 0 0 0 0
   8       0 sda 2698150 1136166 451552412 40082182 555387992 197430950 8869134978 374165181 0 19475707 414247363 0 0 0 0 0 0
   8       1 sda1 65 0 520 53 0 0 0 0 0 55 53 0 0 0 0 0 0
   8       2 sda2 911 1178 333703 10104 75 0 82 24 0 1482 10129 0 0 0 0 0 0
   8       3 sda3 15872 1 1510065 49229 208 15 7896 15 0 19133 49244 0 0 0 0 0 0
   8       4 sda4 501245 645 167492582 15567426 4235352 359789 118223136 1520831 0 3973750 17088258 0 0 0 0 0 0
   8       5 sda5 84 0 6240 214 0 0 0 0 0 206 214 0 0 0 0 0 0
   8       6 sda6 2179888 1134342 282205998 24454879 551152357 197071146 8750903872 372644309 1 22568058 397099188 0 0 0 0 0 0
 253       0 dm-0 260068 0 166987809 9817665 4535452 0 118223136 2341121 0 10292821 12158786 0 0 0 0 0 0
 253       1 dm-1 3312500 0 282203296 46830247 748223504 0 8750903872 1662057423 1 24388191 1708887670 0 0 0 0 0 0
   7       0 loop0 1987 0 11616 365 0 0 0 0 0 310 365 0 0 0 0 0 0
   7       2 loop2 2570 0 14810 378 0 0 0 0 0 278 378 0 0 0 0 0 0
   7       1 loop1 2790 0 20628 829 0 0 0 0 0 814 829 0 0 0 0 0 0
   7       3 loop3 1972 0 11600 357 0 0 0 0 0 262 357 0 0 0 0 0 0
   7       4 loop4 598 0 4686 954 0 0 0 0 0 344 954 0 0 0 0 0 0
   7       5 loop5 1000 0 33472 1101 0 0 0 0 0 1005 1101 0 0 0 0 0 0
   7       6 loop6 73 0 828 192 0 0 0 0 0 165 192 0 0 0 0 0 0
   7       7 loop7 104 0 3142 285 0 0 0 0 0 284 285 0 0 0 0 0 0
   7       8 loop8 39 0 258 93 0 0 0 0 0 88 93 0 0 0 0 0 0
   7       9 loop9 116 0 6708 261 0 0 0 0 0 238 261 0 0 0 0 0 0
 253       2 dm-2 236602 0 9958178 445687 3209995 0 142324784 332101953 0 268279 332547640 0 0 0 0 0 0
   7      10 loop10 69 0 2434 2 0 0 0 0 0 2 2 0 0 0 0 0 0
   7      11 loop11 11 0 28 0 0 0 0 0 0 0 0 0 0 0 0 0 0
TS 1776790357.009161881 2026-04-21 16:52:37
 259       0 nvme0n1 25218 34922 488418 4449 17 13 240 0 0 2896 4450 0 0 0 0 0 0
 259       1 nvme0n1p1 25103 34922 484866 4444 17 13 240 0 0 2998 4444 0 0 0 0 0 0
   8      16 sdb 98927 139534 9965987 73675 2181250 1028747 142324800 1061501 0 240672 1182869 0 0 0 0 1059626 47692
   8      17 sdb1 98795 139534 9960859 73658 2181250 1028747 142324800 1061501 0 251969 1135159 0 0 0 0 0 0
   8       0 sda 2698150 1136166 451552412 40082182 555395205 197432331 8869326306 374166406 0 19476446 414248589 0 0 0 0 0 0
   8       1 sda1 65 0 520 53 0 0 0 0 0 55 53 0 0 0 0 0 0
   8       2 sda2 911 1178 333703 10104 75 0 82 24 0 1482 10129 0 0 0 0 0 0
   8       3 sda3 15872 1 1510065 49229 208 15 7896 15 0 19133 49244 0 0 0 0 0 0
   8       4 sda4 501245 645 167492582 15567426 4235366 359789 118223368 1520831 0 3973750 17088258 0 0 0 0 0 0
   8       5 sda5 84 0 6240 214 0 0 0 0 0 206 214 0 0 0 0 0 0
   8       6 sda6 2179888 1134342 282205998 24454879 551159556 197072531 8751094960 372645534 3 22568943 397100413 0 0 0 0 0 0
 253       0 dm-0 260068 0 166987809 9817665 4535466 0 118223368 2341121 0 10292821 12158786 0 0 0 0 0 0
 253       1 dm-1 3312500 0 282203296 46830247 748232083 0 8751094960 1662058862 8 24389126 1708889109 0 0 0 0 0 0
   7       0 loop0 1987 0 11616 365 0 0 0 0 0 310 365 0 0 0 0 0 0
   7       2 loop2 2570 0 14810 378 0 0 0 0 0 278 378 0 0 0 0 0 0
   7       1 loop1 2790 0 20628 829 0 0 0 0 0 814 829 0 0 0 0 0 0
   7       3 loop3 1972 0 11600 357 0 0 0 0 0 262 357 0 0 0 0 0 0
   7       4 loop4 598 0 4686 954 0 0 0 0 0 344 954 0 0 0 0 0 0
   7       5 loop5 1000 0 33472 1101 0 0 0 0 0 1005 1101 0 0 0 0 0 0
   7       6 loop6 73 0 828 192 0 0 0 0 0 165 192 0 0 0 0 0 0
   7       7 loop7 104 0 3142 285 0 0 0 0 0 284 285 0 0 0 0 0 0
   7       8 loop8 39 0 258 93 0 0 0 0 0 88 93 0 0 0 0 0 0
   7       9 loop9 116 0 6708 261 0 0 0 0 0 238 261 0 0 0 0 0 0
 253       2 dm-2 236602 0 9958178 445687 3209997 0 142324800 332101953 0 268279 332547640 0 0 0 0 0 0
   7      10 loop10 69 0 2434 2 0 0 0 0 0 2 2 0 0 0 0 0 0
   7      11 loop11 11 0 28 0 0 0 0 0 0 0 0 0 0 0 0 0 0
TS 1776790358.008665650 2026-04-21 16:52:38
 259       0 nvme0n1 25218 34922 488418 4449 17 13 240 0 0 2896 4450 0 0 0 0 0 0
 259       1 nvme0n1p1 25103 34922 484866 4444 17 13 240 0 0 2998 4444 0 0 0 0 0 0
   8      16 sdb 98927 139534 9965987 73675 2181250 1028747 142324800 1061501 0 240672 1182869 0 0 0 0 1059626 47692
   8      17 sdb1 98795 139534 9960859 73658 2181250 1028747 142324800 1061501 0 251969 1135159 0 0 0 0 0 0
   8       0 sda 2698150 1136166 451552412 40082182 555398769 197432969 8869433658 374167364 0 19476911 414249547 0 0 0 0 0 0
   8       1 sda1 65 0 520 53 0 0 0 0 0 55 53 0 0 0 0 0 0
   8       2 sda2 911 1178 333703 10104 75 0 82 24 0 1482 10129 0 0 0 0 0 0
   8       3 sda3 15872 1 1510065 49229 208 15 7896 15 0 19133 49244 0 0 0 0 0 0
   8       4 sda4 501245 645 167492582 15567426 4235380 359789 118223592 1520832 0 3973750 17088259 0 0 0 0 0 0
   8       5 sda5 84 0 6240 214 0 0 0 0 0 206 214 0 0 0 0 0 0
   8       6 sda6 2179888 1134342 282205998 24454879 551163106 197073165 8751202088 372646491 1 22569886 397101370 0 0 0 0 0 0
 253       0 dm-0 260068 0 166987809 9817665 4535480 0 118223592 2341121 0 10292821 12158786 0 0 0 0 0 0
 253       1 dm-1 3312500 0 282203296 46830247 748236271 0 8751202088 1662059955 1 24390095 1708890202 0 0 0 0 0 0
   7       0 loop0 1987 0 11616 365 0 0 0 0 0 310 365 0 0 0 0 0 0
   7       2 loop2 2570 0 14810 378 0 0 0 0 0 278 378 0 0 0 0 0 0
   7       1 loop1 2790 0 20628 829 0 0 0 0 0 814 829 0 0 0 0 0 0
   7       3 loop3 1972 0 11600 357 0 0 0 0 0 262 357 0 0 0 0 0 0
   7       4 loop4 598 0 4686 954 0 0 0 0 0 344 954 0 0 0 0 0 0
   7       5 loop5 1000 0 33472 1101 0 0 0 0 0 1005 1101 0 0 0 0 0 0
   7       6 loop6 73 0 828 192 0 0 0 0 0 165 192 0 0 0 0 0 0
   7       7 loop7 104 0 3142 285 0 0 0 0 0 284 285 0 0 0 0 0 0
   7       8 loop8 39 0 258 93 0 0 0 0 0 88 93 0 0 0 0 0 0
   7       9 loop9 116 0 6708 261 0 0 0 0 0 238 261 0 0 0 0 0 0
 253       2 dm-2 236602 0 9958178 445687 3209997 0 142324800 332101953 0 268279 332547640 0 0 0 0 0 0
   7      10 loop10 69 0 2434 2 0 0 0 0 0 2 2 0 0 0 0 0 0
   7      11 loop11 11 0 28 0 0 0 0 0 0 0 0 0 0 0 0 0 0
TS 1776790359.009026550 2026-04-21 16:52:39
 259       0 nvme0n1 25218 34922 488418 4449 17 13 240 0 0 2896 4450 0 0 0 0 0 0
 259       1 nvme0n1p1 25103 34922 484866 4444 17 13 240 0 0 2998 4444 0 0 0 0 0 0
   8      16 sdb 98927 139534 9965987 73675 2181254 1028752 142324864 1061501 0 240672 1182869 0 0 0 0 1059629 47692
   8      17 sdb1 98795 139534 9960859 73658 2181254 1028752 142324864 1061501 0 251969 1135159 0 0 0 0 0 0
   8       0 sda 2698150 1136166 451552412 40082182 555402510 197433660 8869543482 374168437 0 19477667 414250620 0 0 0 0 0 0
   8       1 sda1 65 0 520 53 0 0 0 0 0 55 53 0 0 0 0 0 0
   8       2 sda2 911 1178 333703 10104 75 0 82 24 0 1482 10129 0 0 0 0 0 0
   8       3 sda3 15872 1 1510065 49229 208 15 7896 15 0 19133 49244 0 0 0 0 0 0
   8       4 sda4 501245 645 167492582 15567426 4235394 359789 118223816 1520832 0 3973750 17088259 0 0 0 0 0 0
   8       5 sda5 84 0 6240 214 0 0 0 0 0 206 214 0 0 0 0 0 0
   8       6 sda6 2179888 1134342 282205998 24454879 551166833 197073856 8751311688 372647564 1 22570865 397102443 0 0 0 0 0 0
 253       0 dm-0 260068 0 166987809 9817665 4535494 0 118223816 2341121 0 10292821 12158786 0 0 0 0 0 0
 253       1 dm-1 3312500 0 282203296 46830247 748240689 0 8751311688 1662061137 1 24391088 1708891384 0 0 0 0 0 0
   7       0 loop0 1987 0 11616 365 0 0 0 0 0 310 365 0 0 0 0 0 0
   7       2 loop2 2570 0 14810 378 0 0 0 0 0 278 378 0 0 0 0 0 0
   7       1 loop1 2790 0 20628 829 0 0 0 0 0 814 829 0 0 0 0 0 0
   7       3 loop3 1972 0 11600 357 0 0 0 0 0 262 357 0 0 0 0 0 0
   7       4 loop4 598 0 4686 954 0 0 0 0 0 344 954 0 0 0 0 0 0
   7       5 loop5 1000 0 33472 1101 0 0 0 0 0 1005 1101 0 0 0 0 0 0
   7       6 loop6 73 0 828 192 0 0 0 0 0 165 192 0 0 0 0 0 0
   7       7 loop7 104 0 3142 285 0 0 0 0 0 284 285 0 0 0 0 0 0
   7       8 loop8 39 0 258 93 0 0 0 0 0 88 93 0 0 0 0 0 0
   7       9 loop9 116 0 6708 261 0 0 0 0 0 238 261 0 0 0 0 0 0
 253       2 dm-2 236602 0 9958178 445687 3210006 0 142324864 332101953 0 268279 332547640 0 0 0 0 0 0
   7      10 loop10 69 0 2434 2 0 0 0 0 0 2 2 0 0 0 0 0 0
   7      11 loop11 11 0 28 0 0 0 0 0 0 0 0 0 0 0 0 0 0
TS 1776790360.009130138 2026-04-21 16:52:40
 259       0 nvme0n1 25218 34922 488418 4449 17 13 240 0 0 2896 4450 0 0 0 0 0 0
 259       1 nvme0n1p1 25103 34922 484866 4444 17 13 240 0 0 2998 4444 0 0 0 0 0 0
   8      16 sdb 98927 139534 9965987 73675 2181254 1028752 142324864 1061501 0 240672 1182869 0 0 0 0 1059629 47692
   8      17 sdb1 98795 139534 9960859 73658 2181254 1028752 142324864 1061501 0 251969 1135159 0 0 0 0 0 0
   8       0 sda 2698150 1136166 451552412 40082182 555406059 197434400 8869623690 374169549 0 19478333 414251732 0 0 0 0 0 0
   8       1 sda1 65 0 520 53 0 0 0 0 0 55 53 0 0 0 0 0 0
   8       2 sda2 911 1178 333703 10104 75 0 82 24 0 1482 10129 0 0 0 0 0 0
   8       3 sda3 15872 1 1510065 49229 208 15 7896 15 0 19133 49244 0 0 0 0 0 0
   8       4 sda4 501245 645 167492582 15567426 4235408 359789 118224056 1520833 0 3973751 17088260 0 0 0 0 0 0
   8       5 sda5 84 0 6240 214 0 0 0 0 0 206 214 0 0 0 0 0 0
   8       6 sda6 2179888 1134342 282205998 24454879 551170368 197074596 8751391656 372648676 1 22571798 397103555 0 0 0 0 0 0
 253       0 dm-0 260068 0 166987809 9817665 4535508 0 118224056 2341122 0 10292822 12158787 0 0 0 0 0 0
 253       1 dm-1 3312500 0 282203296 46830247 748244964 0 8751391656 1662062352 1 24392048 1708892599 0 0 0 0 0 0
   7       0 loop0 1987 0 11616 365 0 0 0 0 0 310 365 0 0 0 0 0 0
   7       2 loop2 2570 0 14810 378 0 0 0 0 0 278 378 0 0 0 0 0 0
   7       1 loop1 2790 0 20628 829 0 0 0 0 0 814 829 0 0 0 0 0 0
   7       3 loop3 1972 0 11600 357 0 0 0 0 0 262 357 0 0 0 0 0 0
   7       4 loop4 598 0 4686 954 0 0 0 0 0 344 954 0 0 0 0 0 0
   7       5 loop5 1000 0 33472 1101 0 0 0 0 0 1005 1101 0 0 0 0 0 0
   7       6 loop6 73 0 828 192 0 0 0 0 0 165 192 0 0 0 0 0 0
   7       7 loop7 104 0 3142 285 0 0 0 0 0 284 285 0 0 0 0 0 0
   7       8 loop8 39 0 258 93 0 0 0 0 0 88 93 0 0 0 0 0 0
   7       9 loop9 116 0 6708 261 0 0 0 0 0 238 261 0 0 0 0 0 0
 253       2 dm-2 236602 0 9958178 445687 3210006 0 142324864 332101953 0 268279 332547640 0 0 0 0 0 0
   7      10 loop10 69 0 2434 2 0 0 0 0 0 2 2 0 0 0 0 0 0
   7      11 loop11 11 0 28 0 0 0 0 0 0 0 0 0 0 0 0 0 0
TS 1776790361.009277257 2026-04-21 16:52:41
 259       0 nvme0n1 25218 34922 488418 4449 17 13 240 0 0 2896 4450 0 0 0 0 0 0
 259       1 nvme0n1p1 25103 34922 484866 4444 17 13 240 0 0 2998 4444 0 0 0 0 0 0
   8      16 sdb 98927 139534 9965987 73675 2181254 1028752 142324864 1061501 0 240672 1182869 0 0 0 0 1059629 47692
   8      17 sdb1 98795 139534 9960859 73658 2181254 1028752 142324864 1061501 0 251969 1135159 0 0 0 0 0 0
   8       0 sda 2698150 1136166 451552412 40082182 555410604 197435243 8869755642 374170952 0 19479100 414253135 0 0 0 0 0 0
   8       1 sda1 65 0 520 53 0 0 0 0 0 55 53 0 0 0 0 0 0
   8       2 sda2 911 1178 333703 10104 75 0 82 24 0 1482 10129 0 0 0 0 0 0
   8       3 sda3 15872 1 1510065 49229 208 15 7896 15 0 19133 49244 0 0 0 0 0 0
   8       4 sda4 501245 645 167492582 15567426 4235423 359790 118224296 1520834 0 3973751 17088261 0 0 0 0 0 0
   8       5 sda5 84 0 6240 214 0 0 0 0 0 206 214 0 0 0 0 0 0
   8       6 sda6 2179888 1134342 282205998 24454879 551174898 197075438 8751523368 372650078 3 22572739 397104957 0 0 0 0 0 0
 253       0 dm-0 260068 0 166987809 9817665 4535524 0 118224296 2341122 0 10292822 12158787 0 0 0 0 0 0
 253       1 dm-1 3312500 0 282203296 46830247 748250332 0 8751523368 1662063941 7 24393013 1708894188 0 0 0 0 0 0
   7       0 loop0 1987 0 11616 365 0 0 0 0 0 310 365 0 0 0 0 0 0
   7       2 loop2 2570 0 14810 378 0 0 0 0 0 278 378 0 0 0 0 0 0
   7       1 loop1 2790 0 20628 829 0 0 0 0 0 814 829 0 0 0 0 0 0
   7       3 loop3 1972 0 11600 357 0 0 0 0 0 262 357 0 0 0 0 0 0
   7       4 loop4 598 0 4686 954 0 0 0 0 0 344 954 0 0 0 0 0 0
   7       5 loop5 1000 0 33472 1101 0 0 0 0 0 1005 1101 0 0 0 0 0 0
   7       6 loop6 73 0 828 192 0 0 0 0 0 165 192 0 0 0 0 0 0
   7       7 loop7 104 0 3142 285 0 0 0 0 0 284 285 0 0 0 0 0 0
   7       8 loop8 39 0 258 93 0 0 0 0 0 88 93 0 0 0 0 0 0
   7       9 loop9 116 0 6708 261 0 0 0 0 0 238 261 0 0 0 0 0 0
 253       2 dm-2 236602 0 9958178 445687 3210006 0 142324864 332101953 0 268279 332547640 0 0 0 0 0 0
   7      10 loop10 69 0 2434 2 0 0 0 0 0 2 2 0 0 0 0 0 0
   7      11 loop11 11 0 28 0 0 0 0 0 0 0 0 0 0 0 0 0 0
TS 1776790362.009596483 2026-04-21 16:52:42
 259       0 nvme0n1 25218 34922 488418 4449 17 13 240 0 0 2896 4450 0 0 0 0 0 0
 259       1 nvme0n1p1 25103 34922 484866 4444 17 13 240 0 0 2998 4444 0 0 0 0 0 0
   8      16 sdb 98927 139534 9965987 73675 2181254 1028752 142324864 1061501 0 240672 1182869 0 0 0 0 1059629 47692
   8      17 sdb1 98795 139534 9960859 73658 2181254 1028752 142324864 1061501 0 251969 1135159 0 0 0 0 0 0
   8       0 sda 2698150 1136166 451552412 40082182 555414463 197435994 8869866314 374172022 0 19479843 414254205 0 0 0 0 0 0
   8       1 sda1 65 0 520 53 0 0 0 0 0 55 53 0 0 0 0 0 0
   8       2 sda2 911 1178 333703 10104 75 0 82 24 0 1482 10129 0 0 0 0 0 0
   8       3 sda3 15872 1 1510065 49229 208 15 7896 15 0 19133 49244 0 0 0 0 0 0
   8       4 sda4 501245 645 167492582 15567426 4235437 359790 118224520 1520834 0 3973752 17088261 0 0 0 0 0 0
   8       5 sda5 84 0 6240 214 0 0 0 0 0 206 214 0 0 0 0 0 0
   8       6 sda6 2179888 1134342 282205998 24454879 551178743 197076189 8751633832 372651147 2 22573683 397106026 0 0 0 0 0 0
 253       0 dm-0 260068 0 166987809 9817665 4535538 0 118224520 2341123 0 10292823 12158788 0 0 0 0 0 0
 253       1 dm-1 3312500 0 282203296 46830247 748254934 0 8751633840 1662065093 0 24393977 1708895340 0 0 0 0 0 0
   7       0 loop0 1987 0 11616 365 0 0 0 0 0 310 365 0 0 0 0 0 0
   7       2 loop2 2570 0 14810 378 0 0 0 0 0 278 378 0 0 0 0 0 0
   7       1 loop1 2790 0 20628 829 0 0 0 0 0 814 829 0 0 0 0 0 0
   7       3 loop3 1972 0 11600 357 0 0 0 0 0 262 357 0 0 0 0 0 0
   7       4 loop4 598 0 4686 954 0 0 0 0 0 344 954 0 0 0 0 0 0
   7       5 loop5 1000 0 33472 1101 0 0 0 0 0 1005 1101 0 0 0 0 0 0
   7       6 loop6 73 0 828 192 0 0 0 0 0 165 192 0 0 0 0 0 0
   7       7 loop7 104 0 3142 285 0 0 0 0 0 284 285 0 0 0 0 0 0
   7       8 loop8 39 0 258 93 0 0 0 0 0 88 93 0 0 0 0 0 0
   7       9 loop9 116 0 6708 261 0 0 0 0 0 238 261 0 0 0 0 0 0
 253       2 dm-2 236602 0 9958178 445687 3210006 0 142324864 332101953 0 268279 332547640 0 0 0 0 0 0
   7      10 loop10 69 0 2434 2 0 0 0 0 0 2 2 0 0 0 0 0 0
   7      11 loop11 11 0 28 0 0 0 0 0 0 0 0 0 0 0 0 0 0
