TS 1776789831.008861390 2026-04-21 16:43:51
 259       0 nvme0n1 25218 34922 488418 4449 17 13 240 0 0 2896 4450 0 0 0 0 0 0
 259       1 nvme0n1p1 25103 34922 484866 4444 17 13 240 0 0 2998 4444 0 0 0 0 0 0
   8      16 sdb 98924 139534 9965891 73674 2179884 1028334 142288472 1061150 0 240583 1182496 0 0 0 0 1059170 47671
   8      17 sdb1 98792 139534 9960763 73656 2179884 1028334 142288472 1061150 0 251875 1134807 0 0 0 0 0 0
   8       0 sda 2697780 1136118 451538140 40064406 553919730 197166382 8814614050 373873150 0 19349770 413937556 0 0 0 0 0 0
   8       1 sda1 65 0 520 53 0 0 0 0 0 55 53 0 0 0 0 0 0
   8       2 sda2 911 1178 333703 10104 75 0 82 24 0 1482 10129 0 0 0 0 0 0
   8       3 sda3 15872 1 1510065 49229 208 15 7896 15 0 19133 49244 0 0 0 0 0 0
   8       4 sda4 501237 645 167491958 15567300 4226802 359570 118077824 1513403 0 3968348 17080703 0 0 0 0 0 0
   8       5 sda5 84 0 6240 214 0 0 0 0 0 206 214 0 0 0 0 0 0
   8       6 sda6 2179526 1134294 282192350 24437229 549692645 196806797 8696528248 372359707 0 22403261 396796936 0 0 0 0 0 0
 253       0 dm-0 260060 0 166987185 9817538 4526683 0 118077824 2331429 0 10285358 12148967 0 0 0 0 0 0
 253       1 dm-1 3312090 0 282189648 46811242 746499442 0 8696528248 1661471473 0 24214514 1708282715 0 0 0 0 0 0
   7       0 loop0 1987 0 11616 365 0 0 0 0 0 310 365 0 0 0 0 0 0
   7       2 loop2 2570 0 14810 378 0 0 0 0 0 278 378 0 0 0 0 0 0
   7       1 loop1 2790 0 20628 829 0 0 0 0 0 814 829 0 0 0 0 0 0
   7       3 loop3 1972 0 11600 357 0 0 0 0 0 262 357 0 0 0 0 0 0
   7       4 loop4 598 0 4686 954 0 0 0 0 0 344 954 0 0 0 0 0 0
   7       5 loop5 1000 0 33472 1101 0 0 0 0 0 1005 1101 0 0 0 0 0 0
   7       6 loop6 73 0 828 192 0 0 0 0 0 165 192 0 0 0 0 0 0
   7       7 loop7 104 0 3142 285 0 0 0 0 0 284 285 0 0 0 0 0 0
   7       8 loop8 39 0 258 93 0 0 0 0 0 88 93 0 0 0 0 0 0
   7       9 loop9 116 0 6708 261 0 0 0 0 0 238 261 0 0 0 0 0 0
 253       2 dm-2 236599 0 9958082 445686 3208218 0 142288472 332101464 0 268172 332547150 0 0 0 0 0 0
   7      10 loop10 69 0 2434 2 0 0 0 0 0 2 2 0 0 0 0 0 0
   7      11 loop11 11 0 28 0 0 0 0 0 0 0 0 0 0 0 0 0 0
TS 1776789832.009049604 2026-04-21 16:43:52
 259       0 nvme0n1 25218 34922 488418 4449 17 13 240 0 0 2896 4450 0 0 0 0 0 0
 259       1 nvme0n1p1 25103 34922 484866 4444 17 13 240 0 0 2998 4444 0 0 0 0 0 0
   8      16 sdb 98924 139534 9965891 73674 2179884 1028334 142288472 1061150 0 240583 1182496 0 0 0 0 1059170 47671
   8      17 sdb1 98792 139534 9960763 73656 2179884 1028334 142288472 1061150 0 251875 1134807 0 0 0 0 0 0
   8       0 sda 2697780 1136118 451538140 40064406 553919797 197166414 8814615642 373873157 0 19349772 413937563 0 0 0 0 0 0
   8       1 sda1 65 0 520 53 0 0 0 0 0 55 53 0 0 0 0 0 0
   8       2 sda2 911 1178 333703 10104 75 0 82 24 0 1482 10129 0 0 0 0 0 0
   8       3 sda3 15872 1 1510065 49229 208 15 7896 15 0 19133 49244 0 0 0 0 0 0
   8       4 sda4 501237 645 167491958 15567300 4226818 359570 118078072 1513403 0 3968349 17080704 0 0 0 0 0 0
   8       5 sda5 84 0 6240 214 0 0 0 0 0 206 214 0 0 0 0 0 0
   8       6 sda6 2179526 1134294 282192350 24437229 549692696 196806829 8696529592 372359713 0 22403262 396796942 0 0 0 0 0 0
 253       0 dm-0 260060 0 166987185 9817538 4526699 0 118078072 2331430 0 10285359 12148968 0 0 0 0 0 0
 253       1 dm-1 3312090 0 282189648 46811242 746499525 0 8696529592 1661471478 0 24214515 1708282720 0 0 0 0 0 0
   7       0 loop0 1987 0 11616 365 0 0 0 0 0 310 365 0 0 0 0 0 0
   7       2 loop2 2570 0 14810 378 0 0 0 0 0 278 378 0 0 0 0 0 0
   7       1 loop1 2790 0 20628 829 0 0 0 0 0 814 829 0 0 0 0 0 0
   7       3 loop3 1972 0 11600 357 0 0 0 0 0 262 357 0 0 0 0 0 0
   7       4 loop4 598 0 4686 954 0 0 0 0 0 344 954 0 0 0 0 0 0
   7       5 loop5 1000 0 33472 1101 0 0 0 0 0 1005 1101 0 0 0 0 0 0
   7       6 loop6 73 0 828 192 0 0 0 0 0 165 192 0 0 0 0 0 0
   7       7 loop7 104 0 3142 285 0 0 0 0 0 284 285 0 0 0 0 0 0
   7       8 loop8 39 0 258 93 0 0 0 0 0 88 93 0 0 0 0 0 0
   7       9 loop9 116 0 6708 261 0 0 0 0 0 238 261 0 0 0 0 0 0
 253       2 dm-2 236599 0 9958082 445686 3208218 0 142288472 332101464 0 268172 332547150 0 0 0 0 0 0
   7      10 loop10 69 0 2434 2 0 0 0 0 0 2 2 0 0 0 0 0 0
   7      11 loop11 11 0 28 0 0 0 0 0 0 0 0 0 0 0 0 0 0
TS 1776789833.009140764 2026-04-21 16:43:53
 259       0 nvme0n1 25218 34922 488418 4449 17 13 240 0 0 2896 4450 0 0 0 0 0 0
 259       1 nvme0n1p1 25103 34922 484866 4444 17 13 240 0 0 2998 4444 0 0 0 0 0 0
   8      16 sdb 98924 139534 9965891 73674 2179884 1028334 142288472 1061150 0 240583 1182496 0 0 0 0 1059170 47671
   8      17 sdb1 98792 139534 9960763 73656 2179884 1028334 142288472 1061150 0 251875 1134807 0 0 0 0 0 0
   8       0 sda 2697780 1136118 451538140 40064406 553920220 197166610 8814622738 373873294 0 19349777 413937700 0 0 0 0 0 0
   8       1 sda1 65 0 520 53 0 0 0 0 0 55 53 0 0 0 0 0 0
   8       2 sda2 911 1178 333703 10104 75 0 82 24 0 1482 10129 0 0 0 0 0 0
   8       3 sda3 15872 1 1510065 49229 208 15 7896 15 0 19133 49244 0 0 0 0 0 0
   8       4 sda4 501237 645 167491958 15567300 4226832 359570 118078304 1513404 0 3968349 17080704 0 0 0 0 0 0
   8       5 sda5 84 0 6240 214 0 0 0 0 0 206 214 0 0 0 0 0 0
   8       6 sda6 2179526 1134294 282192350 24437229 549693105 196807025 8696536456 372359850 0 22403267 396797079 0 0 0 0 0 0
 253       0 dm-0 260060 0 166987185 9817538 4526713 0 118078304 2331430 0 10285359 12148968 0 0 0 0 0 0
 253       1 dm-1 3312090 0 282189648 46811242 746500130 0 8696536456 1661471645 0 24214522 1708282887 0 0 0 0 0 0
   7       0 loop0 1987 0 11616 365 0 0 0 0 0 310 365 0 0 0 0 0 0
   7       2 loop2 2570 0 14810 378 0 0 0 0 0 278 378 0 0 0 0 0 0
   7       1 loop1 2790 0 20628 829 0 0 0 0 0 814 829 0 0 0 0 0 0
   7       3 loop3 1972 0 11600 357 0 0 0 0 0 262 357 0 0 0 0 0 0
   7       4 loop4 598 0 4686 954 0 0 0 0 0 344 954 0 0 0 0 0 0
   7       5 loop5 1000 0 33472 1101 0 0 0 0 0 1005 1101 0 0 0 0 0 0
   7       6 loop6 73 0 828 192 0 0 0 0 0 165 192 0 0 0 0 0 0
   7       7 loop7 104 0 3142 285 0 0 0 0 0 284 285 0 0 0 0 0 0
   7       8 loop8 39 0 258 93 0 0 0 0 0 88 93 0 0 0 0 0 0
   7       9 loop9 116 0 6708 261 0 0 0 0 0 238 261 0 0 0 0 0 0
 253       2 dm-2 236599 0 9958082 445686 3208218 0 142288472 332101464 0 268172 332547150 0 0 0 0 0 0
   7      10 loop10 69 0 2434 2 0 0 0 0 0 2 2 0 0 0 0 0 0
   7      11 loop11 11 0 28 0 0 0 0 0 0 0 0 0 0 0 0 0 0
TS 1776789834.008702970 2026-04-21 16:43:54
 259       0 nvme0n1 25218 34922 488418 4449 17 13 240 0 0 2896 4450 0 0 0 0 0 0
 259       1 nvme0n1p1 25103 34922 484866 4444 17 13 240 0 0 2998 4444 0 0 0 0 0 0
   8      16 sdb 98924 139534 9965891 73674 2179888 1028342 142288560 1061151 0 240583 1182496 0 0 0 0 1059173 47671
   8      17 sdb1 98792 139534 9960763 73656 2179888 1028342 142288560 1061151 0 251876 1134807 0 0 0 0 0 0
   8       0 sda 2697780 1136118 451538140 40064406 553920278 197166636 8814624738 373873301 0 19349778 413937707 0 0 0 0 0 0
   8       1 sda1 65 0 520 53 0 0 0 0 0 55 53 0 0 0 0 0 0
   8       2 sda2 911 1178 333703 10104 75 0 82 24 0 1482 10129 0 0 0 0 0 0
   8       3 sda3 15872 1 1510065 49229 208 15 7896 15 0 19133 49244 0 0 0 0 0 0
   8       4 sda4 501237 645 167491958 15567300 4226846 359570 118078528 1513404 0 3968349 17080705 0 0 0 0 0 0
   8       5 sda5 84 0 6240 214 0 0 0 0 0 206 214 0 0 0 0 0 0
   8       6 sda6 2179526 1134294 282192350 24437229 549693149 196807051 8696538232 372359856 0 22403268 396797085 0 0 0 0 0 0
 253       0 dm-0 260060 0 166987185 9817538 4526727 0 118078528 2331430 0 10285359 12148968 0 0 0 0 0 0
 253       1 dm-1 3312090 0 282189648 46811242 746500200 0 8696538232 1661471647 0 24214524 1708282889 0 0 0 0 0 0
   7       0 loop0 1987 0 11616 365 0 0 0 0 0 310 365 0 0 0 0 0 0
   7       2 loop2 2570 0 14810 378 0 0 0 0 0 278 378 0 0 0 0 0 0
   7       1 loop1 2790 0 20628 829 0 0 0 0 0 814 829 0 0 0 0 0 0
   7       3 loop3 1972 0 11600 357 0 0 0 0 0 262 357 0 0 0 0 0 0
   7       4 loop4 598 0 4686 954 0 0 0 0 0 344 954 0 0 0 0 0 0
   7       5 loop5 1000 0 33472 1101 0 0 0 0 0 1005 1101 0 0 0 0 0 0
   7       6 loop6 73 0 828 192 0 0 0 0 0 165 192 0 0 0 0 0 0
   7       7 loop7 104 0 3142 285 0 0 0 0 0 284 285 0 0 0 0 0 0
   7       8 loop8 39 0 258 93 0 0 0 0 0 88 93 0 0 0 0 0 0
   7       9 loop9 116 0 6708 261 0 0 0 0 0 238 261 0 0 0 0 0 0
 253       2 dm-2 236599 0 9958082 445686 3208230 0 142288560 332101474 0 268173 332547160 0 0 0 0 0 0
   7      10 loop10 69 0 2434 2 0 0 0 0 0 2 2 0 0 0 0 0 0
   7      11 loop11 11 0 28 0 0 0 0 0 0 0 0 0 0 0 0 0 0
TS 1776789835.009885861 2026-04-21 16:43:55
 259       0 nvme0n1 25218 34922 488418 4449 17 13 240 0 0 2896 4450 0 0 0 0 0 0
 259       1 nvme0n1p1 25103 34922 484866 4444 17 13 240 0 0 2998 4444 0 0 0 0 0 0
   8      16 sdb 98924 139534 9965891 73674 2179888 1028342 142288560 1061151 0 240583 1182496 0 0 0 0 1059173 47671
   8      17 sdb1 98792 139534 9960763 73656 2179888 1028342 142288560 1061151 0 251876 1134807 0 0 0 0 0 0
   8       0 sda 2697780 1136118 451538140 40064406 553920319 197166674 8814625810 373873303 0 19349779 413937709 0 0 0 0 0 0
   8       1 sda1 65 0 520 53 0 0 0 0 0 55 53 0 0 0 0 0 0
   8       2 sda2 911 1178 333703 10104 75 0 82 24 0 1482 10129 0 0 0 0 0 0
   8       3 sda3 15872 1 1510065 49229 208 15 7896 15 0 19133 49244 0 0 0 0 0 0
   8       4 sda4 501237 645 167491958 15567300 4226860 359570 118078760 1513405 0 3968349 17080705 0 0 0 0 0 0
   8       5 sda5 84 0 6240 214 0 0 0 0 0 206 214 0 0 0 0 0 0
   8       6 sda6 2179526 1134294 282192350 24437229 549693176 196807089 8696539072 372359858 0 22403269 396797087 0 0 0 0 0 0
 253       0 dm-0 260060 0 166987185 9817538 4526741 0 118078760 2331431 0 10285360 12148969 0 0 0 0 0 0
 253       1 dm-1 3312090 0 282189648 46811242 746500265 0 8696539072 1661471648 0 24214525 1708282890 0 0 0 0 0 0
   7       0 loop0 1987 0 11616 365 0 0 0 0 0 310 365 0 0 0 0 0 0
   7       2 loop2 2570 0 14810 378 0 0 0 0 0 278 378 0 0 0 0 0 0
   7       1 loop1 2790 0 20628 829 0 0 0 0 0 814 829 0 0 0 0 0 0
   7       3 loop3 1972 0 11600 357 0 0 0 0 0 262 357 0 0 0 0 0 0
   7       4 loop4 598 0 4686 954 0 0 0 0 0 344 954 0 0 0 0 0 0
   7       5 loop5 1000 0 33472 1101 0 0 0 0 0 1005 1101 0 0 0 0 0 0
   7       6 loop6 73 0 828 192 0 0 0 0 0 165 192 0 0 0 0 0 0
   7       7 loop7 104 0 3142 285 0 0 0 0 0 284 285 0 0 0 0 0 0
   7       8 loop8 39 0 258 93 0 0 0 0 0 88 93 0 0 0 0 0 0
   7       9 loop9 116 0 6708 261 0 0 0 0 0 238 261 0 0 0 0 0 0
 253       2 dm-2 236599 0 9958082 445686 3208230 0 142288560 332101474 0 268173 332547160 0 0 0 0 0 0
   7      10 loop10 69 0 2434 2 0 0 0 0 0 2 2 0 0 0 0 0 0
   7      11 loop11 11 0 28 0 0 0 0 0 0 0 0 0 0 0 0 0 0
TS 1776789836.008826649 2026-04-21 16:43:56
 259       0 nvme0n1 25218 34922 488418 4449 17 13 240 0 0 2896 4450 0 0 0 0 0 0
 259       1 nvme0n1p1 25103 34922 484866 4444 17 13 240 0 0 2998 4444 0 0 0 0 0 0
   8      16 sdb 98924 139534 9965891 73674 2179888 1028342 142288560 1061151 0 240583 1182496 0 0 0 0 1059173 47671
   8      17 sdb1 98792 139534 9960763 73656 2179888 1028342 142288560 1061151 0 251876 1134807 0 0 0 0 0 0
   8       0 sda 2697780 1136118 451538140 40064406 553920535 197166742 8814635730 373873345 0 19349781 413937751 0 0 0 0 0 0
   8       1 sda1 65 0 520 53 0 0 0 0 0 55 53 0 0 0 0 0 0
   8       2 sda2 911 1178 333703 10104 75 0 82 24 0 1482 10129 0 0 0 0 0 0
   8       3 sda3 15872 1 1510065 49229 208 15 7896 15 0 19133 49244 0 0 0 0 0 0
   8       4 sda4 501237 645 167491958 15567300 4226874 359570 118078992 1513405 0 3968350 17080705 0 0 0 0 0 0
   8       5 sda5 84 0 6240 214 0 0 0 0 0 206 214 0 0 0 0 0 0
   8       6 sda6 2179526 1134294 282192350 24437229 549693378 196807157 8696548760 372359899 0 22403271 396797128 0 0 0 0 0 0
 253       0 dm-0 260060 0 166987185 9817538 4526755 0 118078992 2331433 0 10285361 12148971 0 0 0 0 0 0
 253       1 dm-1 3312090 0 282189648 46811242 746500535 0 8696548760 1661471707 0 24214527 1708282949 0 0 0 0 0 0
   7       0 loop0 1987 0 11616 365 0 0 0 0 0 310 365 0 0 0 0 0 0
   7       2 loop2 2570 0 14810 378 0 0 0 0 0 278 378 0 0 0 0 0 0
   7       1 loop1 2790 0 20628 829 0 0 0 0 0 814 829 0 0 0 0 0 0
   7       3 loop3 1972 0 11600 357 0 0 0 0 0 262 357 0 0 0 0 0 0
   7       4 loop4 598 0 4686 954 0 0 0 0 0 344 954 0 0 0 0 0 0
   7       5 loop5 1000 0 33472 1101 0 0 0 0 0 1005 1101 0 0 0 0 0 0
   7       6 loop6 73 0 828 192 0 0 0 0 0 165 192 0 0 0 0 0 0
   7       7 loop7 104 0 3142 285 0 0 0 0 0 284 285 0 0 0 0 0 0
   7       8 loop8 39 0 258 93 0 0 0 0 0 88 93 0 0 0 0 0 0
   7       9 loop9 116 0 6708 261 0 0 0 0 0 238 261 0 0 0 0 0 0
 253       2 dm-2 236599 0 9958082 445686 3208230 0 142288560 332101474 0 268173 332547160 0 0 0 0 0 0
   7      10 loop10 69 0 2434 2 0 0 0 0 0 2 2 0 0 0 0 0 0
   7      11 loop11 11 0 28 0 0 0 0 0 0 0 0 0 0 0 0 0 0
TS 1776789837.008642271 2026-04-21 16:43:57
 259       0 nvme0n1 25218 34922 488418 4449 17 13 240 0 0 2896 4450 0 0 0 0 0 0
 259       1 nvme0n1p1 25103 34922 484866 4444 17 13 240 0 0 2998 4444 0 0 0 0 0 0
   8      16 sdb 98924 139534 9965891 73674 2179888 1028342 142288560 1061151 0 240583 1182496 0 0 0 0 1059173 47671
   8      17 sdb1 98792 139534 9960763 73656 2179888 1028342 142288560 1061151 0 251876 1134807 0 0 0 0 0 0
   8       0 sda 2697780 1136118 451538140 40064406 553920581 197166780 8814637418 373873348 0 19349783 413937754 0 0 0 0 0 0
   8       1 sda1 65 0 520 53 0 0 0 0 0 55 53 0 0 0 0 0 0
   8       2 sda2 911 1178 333703 10104 75 0 82 24 0 1482 10129 0 0 0 0 0 0
   8       3 sda3 15872 1 1510065 49229 208 15 7896 15 0 19133 49244 0 0 0 0 0 0
   8       4 sda4 501237 645 167491958 15567300 4226890 359570 118079232 1513406 0 3968350 17080706 0 0 0 0 0 0
   8       5 sda5 84 0 6240 214 0 0 0 0 0 206 214 0 0 0 0 0 0
   8       6 sda6 2179526 1134294 282192350 24437229 549693408 196807195 8696550208 372359901 0 22403273 396797130 0 0 0 0 0 0
 253       0 dm-0 260060 0 166987185 9817538 4526771 0 118079232 2331433 0 10285361 12148971 0 0 0 0 0 0
 253       1 dm-1 3312090 0 282189648 46811242 746500603 0 8696550208 1661471749 0 24214529 1708282991 0 0 0 0 0 0
   7       0 loop0 1987 0 11616 365 0 0 0 0 0 310 365 0 0 0 0 0 0
   7       2 loop2 2570 0 14810 378 0 0 0 0 0 278 378 0 0 0 0 0 0
   7       1 loop1 2790 0 20628 829 0 0 0 0 0 814 829 0 0 0 0 0 0
   7       3 loop3 1972 0 11600 357 0 0 0 0 0 262 357 0 0 0 0 0 0
   7       4 loop4 598 0 4686 954 0 0 0 0 0 344 954 0 0 0 0 0 0
   7       5 loop5 1000 0 33472 1101 0 0 0 0 0 1005 1101 0 0 0 0 0 0
   7       6 loop6 73 0 828 192 0 0 0 0 0 165 192 0 0 0 0 0 0
   7       7 loop7 104 0 3142 285 0 0 0 0 0 284 285 0 0 0 0 0 0
   7       8 loop8 39 0 258 93 0 0 0 0 0 88 93 0 0 0 0 0 0
   7       9 loop9 116 0 6708 261 0 0 0 0 0 238 261 0 0 0 0 0 0
 253       2 dm-2 236599 0 9958082 445686 3208230 0 142288560 332101474 0 268173 332547160 0 0 0 0 0 0
   7      10 loop10 69 0 2434 2 0 0 0 0 0 2 2 0 0 0 0 0 0
   7      11 loop11 11 0 28 0 0 0 0 0 0 0 0 0 0 0 0 0 0
TS 1776789838.008557195 2026-04-21 16:43:58
 259       0 nvme0n1 25218 34922 488418 4449 17 13 240 0 0 2896 4450 0 0 0 0 0 0
 259       1 nvme0n1p1 25103 34922 484866 4444 17 13 240 0 0 2998 4444 0 0 0 0 0 0
   8      16 sdb 98924 139534 9965891 73674 2179888 1028342 142288560 1061151 0 240583 1182496 0 0 0 0 1059173 47671
   8      17 sdb1 98792 139534 9960763 73656 2179888 1028342 142288560 1061151 0 251876 1134807 0 0 0 0 0 0
   8       0 sda 2697780 1136118 451538140 40064406 553920765 197166970 8814641882 373873358 0 19349790 413937765 0 0 0 0 0 0
   8       1 sda1 65 0 520 53 0 0 0 0 0 55 53 0 0 0 0 0 0
   8       2 sda2 911 1178 333703 10104 75 0 82 24 0 1482 10129 0 0 0 0 0 0
   8       3 sda3 15872 1 1510065 49229 208 15 7896 15 0 19133 49244 0 0 0 0 0 0
   8       4 sda4 501237 645 167491958 15567300 4226904 359570 118079464 1513406 0 3968352 17080707 0 0 0 0 0 0
   8       5 sda5 84 0 6240 214 0 0 0 0 0 206 214 0 0 0 0 0 0
   8       6 sda6 2179526 1134294 282192350 24437229 549693578 196807385 8696554440 372359911 0 22403278 396797140 0 0 0 0 0 0
 253       0 dm-0 260060 0 166987185 9817538 4526785 0 118079464 2331435 0 10285363 12148973 0 0 0 0 0 0
 253       1 dm-1 3312090 0 282189648 46811242 746500963 0 8696554440 1661471773 0 24214534 1708283015 0 0 0 0 0 0
   7       0 loop0 1987 0 11616 365 0 0 0 0 0 310 365 0 0 0 0 0 0
   7       2 loop2 2570 0 14810 378 0 0 0 0 0 278 378 0 0 0 0 0 0
   7       1 loop1 2790 0 20628 829 0 0 0 0 0 814 829 0 0 0 0 0 0
   7       3 loop3 1972 0 11600 357 0 0 0 0 0 262 357 0 0 0 0 0 0
   7       4 loop4 598 0 4686 954 0 0 0 0 0 344 954 0 0 0 0 0 0
   7       5 loop5 1000 0 33472 1101 0 0 0 0 0 1005 1101 0 0 0 0 0 0
   7       6 loop6 73 0 828 192 0 0 0 0 0 165 192 0 0 0 0 0 0
   7       7 loop7 104 0 3142 285 0 0 0 0 0 284 285 0 0 0 0 0 0
   7       8 loop8 39 0 258 93 0 0 0 0 0 88 93 0 0 0 0 0 0
   7       9 loop9 116 0 6708 261 0 0 0 0 0 238 261 0 0 0 0 0 0
 253       2 dm-2 236599 0 9958082 445686 3208230 0 142288560 332101474 0 268173 332547160 0 0 0 0 0 0
   7      10 loop10 69 0 2434 2 0 0 0 0 0 2 2 0 0 0 0 0 0
   7      11 loop11 11 0 28 0 0 0 0 0 0 0 0 0 0 0 0 0 0
TS 1776789839.008652242 2026-04-21 16:43:59
 259       0 nvme0n1 25218 34922 488418 4449 17 13 240 0 0 2896 4450 0 0 0 0 0 0
 259       1 nvme0n1p1 25103 34922 484866 4444 17 13 240 0 0 2998 4444 0 0 0 0 0 0
   8      16 sdb 98924 139534 9965891 73674 2179892 1028344 142288600 1061151 0 240584 1182496 0 0 0 0 1059176 47671
   8      17 sdb1 98792 139534 9960763 73656 2179892 1028344 142288600 1061151 0 251877 1134808 0 0 0 0 0 0
   8       0 sda 2697780 1136118 451538140 40064406 553921177 197167030 8814649498 373873541 0 19349796 413937948 0 0 0 0 0 0
   8       1 sda1 65 0 520 53 0 0 0 0 0 55 53 0 0 0 0 0 0
   8       2 sda2 911 1178 333703 10104 75 0 82 24 0 1482 10129 0 0 0 0 0 0
   8       3 sda3 15872 1 1510065 49229 208 15 7896 15 0 19133 49244 0 0 0 0 0 0
   8       4 sda4 501237 645 167491958 15567300 4226918 359570 118079688 1513407 0 3968353 17080707 0 0 0 0 0 0
   8       5 sda5 84 0 6240 214 0 0 0 0 0 206 214 0 0 0 0 0 0
   8       6 sda6 2179526 1134294 282192350 24437229 549693976 196807445 8696561832 372360094 0 22403283 396797323 0 0 0 0 0 0
 253       0 dm-0 260060 0 166987185 9817538 4526799 0 118079688 2331436 0 10285364 12148974 0 0 0 0 0 0
 253       1 dm-1 3312090 0 282189648 46811242 746501421 0 8696561832 1661472001 0 24214538 1708283243 0 0 0 0 0 0
   7       0 loop0 1987 0 11616 365 0 0 0 0 0 310 365 0 0 0 0 0 0
   7       2 loop2 2570 0 14810 378 0 0 0 0 0 278 378 0 0 0 0 0 0
   7       1 loop1 2790 0 20628 829 0 0 0 0 0 814 829 0 0 0 0 0 0
   7       3 loop3 1972 0 11600 357 0 0 0 0 0 262 357 0 0 0 0 0 0
   7       4 loop4 598 0 4686 954 0 0 0 0 0 344 954 0 0 0 0 0 0
   7       5 loop5 1000 0 33472 1101 0 0 0 0 0 1005 1101 0 0 0 0 0 0
   7       6 loop6 73 0 828 192 0 0 0 0 0 165 192 0 0 0 0 0 0
   7       7 loop7 104 0 3142 285 0 0 0 0 0 284 285 0 0 0 0 0 0
   7       8 loop8 39 0 258 93 0 0 0 0 0 88 93 0 0 0 0 0 0
   7       9 loop9 116 0 6708 261 0 0 0 0 0 238 261 0 0 0 0 0 0
 253       2 dm-2 236599 0 9958082 445686 3208236 0 142288600 332101478 0 268174 332547164 0 0 0 0 0 0
   7      10 loop10 69 0 2434 2 0 0 0 0 0 2 2 0 0 0 0 0 0
   7      11 loop11 11 0 28 0 0 0 0 0 0 0 0 0 0 0 0 0 0
TS 1776789840.008997353 2026-04-21 16:44:00
 259       0 nvme0n1 25218 34922 488418 4449 17 13 240 0 0 2896 4450 0 0 0 0 0 0
 259       1 nvme0n1p1 25103 34922 484866 4444 17 13 240 0 0 2998 4444 0 0 0 0 0 0
   8      16 sdb 98924 139534 9965891 73674 2179892 1028344 142288600 1061151 0 240584 1182496 0 0 0 0 1059176 47671
   8      17 sdb1 98792 139534 9960763 73656 2179892 1028344 142288600 1061151 0 251877 1134808 0 0 0 0 0 0
   8       0 sda 2697780 1136118 451538140 40064406 553921327 197167115 8814653450 373873559 0 19349799 413937965 0 0 0 0 0 0
   8       1 sda1 65 0 520 53 0 0 0 0 0 55 53 0 0 0 0 0 0
   8       2 sda2 911 1178 333703 10104 75 0 82 24 0 1482 10129 0 0 0 0 0 0
   8       3 sda3 15872 1 1510065 49229 208 15 7896 15 0 19133 49244 0 0 0 0 0 0
   8       4 sda4 501237 645 167491958 15567300 4226933 359570 118079936 1513407 0 3968354 17080708 0 0 0 0 0 0
   8       5 sda5 84 0 6240 214 0 0 0 0 0 206 214 0 0 0 0 0 0
   8       6 sda6 2179526 1134294 282192350 24437229 549694111 196807530 8696565536 372360111 0 22403286 396797340 0 0 0 0 0 0
 253       0 dm-0 260060 0 166987185 9817538 4526814 0 118079936 2331439 0 10285365 12148977 0 0 0 0 0 0
 253       1 dm-1 3312090 0 282189648 46811242 746501641 0 8696565536 1661472036 0 24214541 1708283278 0 0 0 0 0 0
   7       0 loop0 1987 0 11616 365 0 0 0 0 0 310 365 0 0 0 0 0 0
   7       2 loop2 2570 0 14810 378 0 0 0 0 0 278 378 0 0 0 0 0 0
   7       1 loop1 2790 0 20628 829 0 0 0 0 0 814 829 0 0 0 0 0 0
   7       3 loop3 1972 0 11600 357 0 0 0 0 0 262 357 0 0 0 0 0 0
   7       4 loop4 598 0 4686 954 0 0 0 0 0 344 954 0 0 0 0 0 0
   7       5 loop5 1000 0 33472 1101 0 0 0 0 0 1005 1101 0 0 0 0 0 0
   7       6 loop6 73 0 828 192 0 0 0 0 0 165 192 0 0 0 0 0 0
   7       7 loop7 104 0 3142 285 0 0 0 0 0 284 285 0 0 0 0 0 0
   7       8 loop8 39 0 258 93 0 0 0 0 0 88 93 0 0 0 0 0 0
   7       9 loop9 116 0 6708 261 0 0 0 0 0 238 261 0 0 0 0 0 0
 253       2 dm-2 236599 0 9958082 445686 3208236 0 142288600 332101478 0 268174 332547164 0 0 0 0 0 0
   7      10 loop10 69 0 2434 2 0 0 0 0 0 2 2 0 0 0 0 0 0
   7      11 loop11 11 0 28 0 0 0 0 0 0 0 0 0 0 0 0 0 0
TS 1776789841.009209653 2026-04-21 16:44:01
 259       0 nvme0n1 25218 34922 488418 4449 17 13 240 0 0 2896 4450 0 0 0 0 0 0
 259       1 nvme0n1p1 25103 34922 484866 4444 17 13 240 0 0 2998 4444 0 0 0 0 0 0
   8      16 sdb 98924 139534 9965891 73674 2179892 1028344 142288600 1061151 0 240584 1182496 0 0 0 0 1059176 47671
   8      17 sdb1 98792 139534 9960763 73656 2179892 1028344 142288600 1061151 0 251877 1134808 0 0 0 0 0 0
   8       0 sda 2697780 1136118 451538140 40064406 553921386 197167146 8814654938 373873563 0 19349800 413937969 0 0 0 0 0 0
   8       1 sda1 65 0 520 53 0 0 0 0 0 55 53 0 0 0 0 0 0
   8       2 sda2 911 1178 333703 10104 75 0 82 24 0 1482 10129 0 0 0 0 0 0
   8       3 sda3 15872 1 1510065 49229 208 15 7896 15 0 19133 49244 0 0 0 0 0 0
   8       4 sda4 501237 645 167491958 15567300 4226955 359570 118080312 1513408 0 3968355 17080708 0 0 0 0 0 0
   8       5 sda5 84 0 6240 214 0 0 0 0 0 206 214 0 0 0 0 0 0
   8       6 sda6 2179526 1134294 282192350 24437229 549694148 196807561 8696566648 372360114 0 22403286 396797343 0 0 0 0 0 0
 253       0 dm-0 260060 0 166987185 9817538 4526836 0 118080312 2331440 0 10285366 12148978 0 0 0 0 0 0
 253       1 dm-1 3312090 0 282189648 46811242 746501709 0 8696566648 1661472036 0 24214541 1708283278 0 0 0 0 0 0
   7       0 loop0 1987 0 11616 365 0 0 0 0 0 310 365 0 0 0 0 0 0
   7       2 loop2 2570 0 14810 378 0 0 0 0 0 278 378 0 0 0 0 0 0
   7       1 loop1 2790 0 20628 829 0 0 0 0 0 814 829 0 0 0 0 0 0
   7       3 loop3 1972 0 11600 357 0 0 0 0 0 262 357 0 0 0 0 0 0
   7       4 loop4 598 0 4686 954 0 0 0 0 0 344 954 0 0 0 0 0 0
   7       5 loop5 1000 0 33472 1101 0 0 0 0 0 1005 1101 0 0 0 0 0 0
   7       6 loop6 73 0 828 192 0 0 0 0 0 165 192 0 0 0 0 0 0
   7       7 loop7 104 0 3142 285 0 0 0 0 0 284 285 0 0 0 0 0 0
   7       8 loop8 39 0 258 93 0 0 0 0 0 88 93 0 0 0 0 0 0
   7       9 loop9 116 0 6708 261 0 0 0 0 0 238 261 0 0 0 0 0 0
 253       2 dm-2 236599 0 9958082 445686 3208236 0 142288600 332101478 0 268174 332547164 0 0 0 0 0 0
   7      10 loop10 69 0 2434 2 0 0 0 0 0 2 2 0 0 0 0 0 0
   7      11 loop11 11 0 28 0 0 0 0 0 0 0 0 0 0 0 0 0 0
TS 1776789842.009013591 2026-04-21 16:44:02
 259       0 nvme0n1 25218 34922 488418 4449 17 13 240 0 0 2896 4450 0 0 0 0 0 0
 259       1 nvme0n1p1 25103 34922 484866 4444 17 13 240 0 0 2998 4444 0 0 0 0 0 0
   8      16 sdb 98924 139534 9965891 73674 2179892 1028344 142288600 1061151 0 240584 1182496 0 0 0 0 1059176 47671
   8      17 sdb1 98792 139534 9960763 73656 2179892 1028344 142288600 1061151 0 251877 1134808 0 0 0 0 0 0
   8       0 sda 2697780 1136118 451538140 40064406 553921473 197167233 8814659466 373873572 0 19349802 413937978 0 0 0 0 0 0
   8       1 sda1 65 0 520 53 0 0 0 0 0 55 53 0 0 0 0 0 0
   8       2 sda2 911 1178 333703 10104 75 0 82 24 0 1482 10129 0 0 0 0 0 0
   8       3 sda3 15872 1 1510065 49229 208 15 7896 15 0 19133 49244 0 0 0 0 0 0
   8       4 sda4 501237 645 167491958 15567300 4226971 359570 118080568 1513409 0 3968355 17080709 0 0 0 0 0 0
   8       5 sda5 84 0 6240 214 0 0 0 0 0 206 214 0 0 0 0 0 0
   8       6 sda6 2179526 1134294 282192350 24437229 549694219 196807648 8696570920 372360122 0 22403288 396797351 0 0 0 0 0 0
 253       0 dm-0 260060 0 166987185 9817538 4526852 0 118080568 2331440 0 10285366 12148978 0 0 0 0 0 0
 253       1 dm-1 3312090 0 282189648 46811242 746501867 0 8696570920 1661472079 0 24214543 1708283321 0 0 0 0 0 0
   7       0 loop0 1987 0 11616 365 0 0 0 0 0 310 365 0 0 0 0 0 0
   7       2 loop2 2570 0 14810 378 0 0 0 0 0 278 378 0 0 0 0 0 0
   7       1 loop1 2790 0 20628 829 0 0 0 0 0 814 829 0 0 0 0 0 0
   7       3 loop3 1972 0 11600 357 0 0 0 0 0 262 357 0 0 0 0 0 0
   7       4 loop4 598 0 4686 954 0 0 0 0 0 344 954 0 0 0 0 0 0
   7       5 loop5 1000 0 33472 1101 0 0 0 0 0 1005 1101 0 0 0 0 0 0
   7       6 loop6 73 0 828 192 0 0 0 0 0 165 192 0 0 0 0 0 0
   7       7 loop7 104 0 3142 285 0 0 0 0 0 284 285 0 0 0 0 0 0
   7       8 loop8 39 0 258 93 0 0 0 0 0 88 93 0 0 0 0 0 0
   7       9 loop9 116 0 6708 261 0 0 0 0 0 238 261 0 0 0 0 0 0
 253       2 dm-2 236599 0 9958082 445686 3208236 0 142288600 332101478 0 268174 332547164 0 0 0 0 0 0
   7      10 loop10 69 0 2434 2 0 0 0 0 0 2 2 0 0 0 0 0 0
   7      11 loop11 11 0 28 0 0 0 0 0 0 0 0 0 0 0 0 0 0
TS 1776789843.009127871 2026-04-21 16:44:03
 259       0 nvme0n1 25218 34922 488418 4449 17 13 240 0 0 2896 4450 0 0 0 0 0 0
 259       1 nvme0n1p1 25103 34922 484866 4444 17 13 240 0 0 2998 4444 0 0 0 0 0 0
   8      16 sdb 98924 139534 9965891 73674 2179892 1028344 142288600 1061151 0 240584 1182496 0 0 0 0 1059176 47671
   8      17 sdb1 98792 139534 9960763 73656 2179892 1028344 142288600 1061151 0 251877 1134808 0 0 0 0 0 0
   8       0 sda 2697780 1136118 451538140 40064406 553921747 197167381 8814667402 373873599 0 19349805 413938005 0 0 0 0 0 0
   8       1 sda1 65 0 520 53 0 0 0 0 0 55 53 0 0 0 0 0 0
   8       2 sda2 911 1178 333703 10104 75 0 82 24 0 1482 10129 0 0 0 0 0 0
   8       3 sda3 15872 1 1510065 49229 208 15 7896 15 0 19133 49244 0 0 0 0 0 0
   8       4 sda4 501237 645 167491958 15567300 4226985 359570 118080800 1513409 0 3968355 17080710 0 0 0 0 0 0
   8       5 sda5 84 0 6240 214 0 0 0 0 0 206 214 0 0 0 0 0 0
   8       6 sda6 2179526 1134294 282192350 24437229 549694479 196807796 8696578624 372360149 0 22403293 396797378 0 0 0 0 0 0
 253       0 dm-0 260060 0 166987185 9817538 4526866 0 118080800 2331440 0 10285366 12148978 0 0 0 0 0 0
 253       1 dm-1 3312090 0 282189648 46811242 746502275 0 8696578624 1661472190 0 24214549 1708283432 0 0 0 0 0 0
   7       0 loop0 1987 0 11616 365 0 0 0 0 0 310 365 0 0 0 0 0 0
   7       2 loop2 2570 0 14810 378 0 0 0 0 0 278 378 0 0 0 0 0 0
   7       1 loop1 2790 0 20628 829 0 0 0 0 0 814 829 0 0 0 0 0 0
   7       3 loop3 1972 0 11600 357 0 0 0 0 0 262 357 0 0 0 0 0 0
   7       4 loop4 598 0 4686 954 0 0 0 0 0 344 954 0 0 0 0 0 0
   7       5 loop5 1000 0 33472 1101 0 0 0 0 0 1005 1101 0 0 0 0 0 0
   7       6 loop6 73 0 828 192 0 0 0 0 0 165 192 0 0 0 0 0 0
   7       7 loop7 104 0 3142 285 0 0 0 0 0 284 285 0 0 0 0 0 0
   7       8 loop8 39 0 258 93 0 0 0 0 0 88 93 0 0 0 0 0 0
   7       9 loop9 116 0 6708 261 0 0 0 0 0 238 261 0 0 0 0 0 0
 253       2 dm-2 236599 0 9958082 445686 3208236 0 142288600 332101478 0 268174 332547164 0 0 0 0 0 0
   7      10 loop10 69 0 2434 2 0 0 0 0 0 2 2 0 0 0 0 0 0
   7      11 loop11 11 0 28 0 0 0 0 0 0 0 0 0 0 0 0 0 0
TS 1776789844.009118502 2026-04-21 16:44:04
 259       0 nvme0n1 25218 34922 488418 4449 17 13 240 0 0 2896 4450 0 0 0 0 0 0
 259       1 nvme0n1p1 25103 34922 484866 4444 17 13 240 0 0 2998 4444 0 0 0 0 0 0
   8      16 sdb 98924 139534 9965891 73674 2179892 1028344 142288600 1061151 0 240584 1182496 0 0 0 0 1059176 47671
   8      17 sdb1 98792 139534 9960763 73656 2179892 1028344 142288600 1061151 0 251877 1134808 0 0 0 0 0 0
   8       0 sda 2697780 1136118 451538140 40064406 553922074 197167608 8814673666 373873671 0 19349808 413938078 0 0 0 0 0 0
   8       1 sda1 65 0 520 53 0 0 0 0 0 55 53 0 0 0 0 0 0
   8       2 sda2 911 1178 333703 10104 75 0 82 24 0 1482 10129 0 0 0 0 0 0
   8       3 sda3 15872 1 1510065 49229 208 15 7896 15 0 19133 49244 0 0 0 0 0 0
   8       4 sda4 501237 645 167491958 15567300 4226999 359570 118081040 1513410 0 3968357 17080710 0 0 0 0 0 0
   8       5 sda5 84 0 6240 214 0 0 0 0 0 206 214 0 0 0 0 0 0
   8       6 sda6 2179526 1134294 282192350 24437229 549694792 196808023 8696584648 372360221 0 22403296 396797450 0 0 0 0 0 0
 253       0 dm-0 260060 0 166987185 9817538 4526880 0 118081040 2331445 0 10285368 12148983 0 0 0 0 0 0
 253       1 dm-1 3312090 0 282189648 46811242 746502815 0 8696584648 1661472453 0 24214552 1708283695 0 0 0 0 0 0
   7       0 loop0 1987 0 11616 365 0 0 0 0 0 310 365 0 0 0 0 0 0
   7       2 loop2 2570 0 14810 378 0 0 0 0 0 278 378 0 0 0 0 0 0
   7       1 loop1 2790 0 20628 829 0 0 0 0 0 814 829 0 0 0 0 0 0
   7       3 loop3 1972 0 11600 357 0 0 0 0 0 262 357 0 0 0 0 0 0
   7       4 loop4 598 0 4686 954 0 0 0 0 0 344 954 0 0 0 0 0 0
   7       5 loop5 1000 0 33472 1101 0 0 0 0 0 1005 1101 0 0 0 0 0 0
   7       6 loop6 73 0 828 192 0 0 0 0 0 165 192 0 0 0 0 0 0
   7       7 loop7 104 0 3142 285 0 0 0 0 0 284 285 0 0 0 0 0 0
   7       8 loop8 39 0 258 93 0 0 0 0 0 88 93 0 0 0 0 0 0
   7       9 loop9 116 0 6708 261 0 0 0 0 0 238 261 0 0 0 0 0 0
 253       2 dm-2 236599 0 9958082 445686 3208236 0 142288600 332101478 0 268174 332547164 0 0 0 0 0 0
   7      10 loop10 69 0 2434 2 0 0 0 0 0 2 2 0 0 0 0 0 0
   7      11 loop11 11 0 28 0 0 0 0 0 0 0 0 0 0 0 0 0 0
TS 1776789845.009246443 2026-04-21 16:44:05
 259       0 nvme0n1 25218 34922 488418 4449 17 13 240 0 0 2896 4450 0 0 0 0 0 0
 259       1 nvme0n1p1 25103 34922 484866 4444 17 13 240 0 0 2998 4444 0 0 0 0 0 0
   8      16 sdb 98924 139534 9965891 73674 2179898 1028346 142288656 1061152 0 240585 1182497 0 0 0 0 1059179 47671
   8      17 sdb1 98792 139534 9960763 73656 2179898 1028346 142288656 1061152 0 251878 1134808 0 0 0 0 0 0
   8       0 sda 2697780 1136118 451538140 40064406 553922113 197167622 8814674554 373873673 0 19349808 413938079 0 0 0 0 0 0
   8       1 sda1 65 0 520 53 0 0 0 0 0 55 53 0 0 0 0 0 0
   8       2 sda2 911 1178 333703 10104 75 0 82 24 0 1482 10129 0 0 0 0 0 0
   8       3 sda3 15872 1 1510065 49229 208 15 7896 15 0 19133 49244 0 0 0 0 0 0
   8       4 sda4 501237 645 167491958 15567300 4227013 359570 118081272 1513410 0 3968357 17080710 0 0 0 0 0 0
   8       5 sda5 84 0 6240 214 0 0 0 0 0 206 214 0 0 0 0 0 0
   8       6 sda6 2179526 1134294 282192350 24437229 549694817 196808037 8696585304 372360222 0 22403296 396797451 0 0 0 0 0 0
 253       0 dm-0 260060 0 166987185 9817538 4526894 0 118081272 2331445 0 10285368 12148983 0 0 0 0 0 0
 253       1 dm-1 3312090 0 282189648 46811242 746502854 0 8696585304 1661472454 0 24214553 1708283696 0 0 0 0 0 0
   7       0 loop0 1987 0 11616 365 0 0 0 0 0 310 365 0 0 0 0 0 0
   7       2 loop2 2570 0 14810 378 0 0 0 0 0 278 378 0 0 0 0 0 0
   7       1 loop1 2790 0 20628 829 0 0 0 0 0 814 829 0 0 0 0 0 0
   7       3 loop3 1972 0 11600 357 0 0 0 0 0 262 357 0 0 0 0 0 0
   7       4 loop4 598 0 4686 954 0 0 0 0 0 344 954 0 0 0 0 0 0
   7       5 loop5 1000 0 33472 1101 0 0 0 0 0 1005 1101 0 0 0 0 0 0
   7       6 loop6 73 0 828 192 0 0 0 0 0 165 192 0 0 0 0 0 0
   7       7 loop7 104 0 3142 285 0 0 0 0 0 284 285 0 0 0 0 0 0
   7       8 loop8 39 0 258 93 0 0 0 0 0 88 93 0 0 0 0 0 0
   7       9 loop9 116 0 6708 261 0 0 0 0 0 238 261 0 0 0 0 0 0
 253       2 dm-2 236599 0 9958082 445686 3208244 0 142288656 332101482 0 268175 332547168 0 0 0 0 0 0
   7      10 loop10 69 0 2434 2 0 0 0 0 0 2 2 0 0 0 0 0 0
   7      11 loop11 11 0 28 0 0 0 0 0 0 0 0 0 0 0 0 0 0
TS 1776789846.008466689 2026-04-21 16:44:06
 259       0 nvme0n1 25218 34922 488418 4449 17 13 240 0 0 2896 4450 0 0 0 0 0 0
 259       1 nvme0n1p1 25103 34922 484866 4444 17 13 240 0 0 2998 4444 0 0 0 0 0 0
   8      16 sdb 98924 139534 9965891 73674 2179898 1028346 142288656 1061152 0 240585 1182497 0 0 0 0 1059179 47671
   8      17 sdb1 98792 139534 9960763 73656 2179898 1028346 142288656 1061152 0 251878 1134808 0 0 0 0 0 0
   8       0 sda 2697780 1136118 451538140 40064406 553922176 197167666 8814675826 373873682 0 19349809 413938088 0 0 0 0 0 0
   8       1 sda1 65 0 520 53 0 0 0 0 0 55 53 0 0 0 0 0 0
   8       2 sda2 911 1178 333703 10104 75 0 82 24 0 1482 10129 0 0 0 0 0 0
   8       3 sda3 15872 1 1510065 49229 208 15 7896 15 0 19133 49244 0 0 0 0 0 0
   8       4 sda4 501237 645 167491958 15567300 4227027 359570 118081496 1513411 0 3968357 17080711 0 0 0 0 0 0
   8       5 sda5 84 0 6240 214 0 0 0 0 0 206 214 0 0 0 0 0 0
   8       6 sda6 2179526 1134294 282192350 24437229 549694866 196808081 8696586352 372360230 0 22403297 396797459 0 0 0 0 0 0
 253       0 dm-0 260060 0 166987185 9817538 4526908 0 118081496 2331445 0 10285368 12148983 0 0 0 0 0 0
 253       1 dm-1 3312090 0 282189648 46811242 746502947 0 8696586352 1661472468 0 24214554 1708283710 0 0 0 0 0 0
   7       0 loop0 1987 0 11616 365 0 0 0 0 0 310 365 0 0 0 0 0 0
   7       2 loop2 2570 0 14810 378 0 0 0 0 0 278 378 0 0 0 0 0 0
   7       1 loop1 2790 0 20628 829 0 0 0 0 0 814 829 0 0 0 0 0 0
   7       3 loop3 1972 0 11600 357 0 0 0 0 0 262 357 0 0 0 0 0 0
   7       4 loop4 598 0 4686 954 0 0 0 0 0 344 954 0 0 0 0 0 0
   7       5 loop5 1000 0 33472 1101 0 0 0 0 0 1005 1101 0 0 0 0 0 0
   7       6 loop6 73 0 828 192 0 0 0 0 0 165 192 0 0 0 0 0 0
   7       7 loop7 104 0 3142 285 0 0 0 0 0 284 285 0 0 0 0 0 0
   7       8 loop8 39 0 258 93 0 0 0 0 0 88 93 0 0 0 0 0 0
   7       9 loop9 116 0 6708 261 0 0 0 0 0 238 261 0 0 0 0 0 0
 253       2 dm-2 236599 0 9958082 445686 3208244 0 142288656 332101482 0 268175 332547168 0 0 0 0 0 0
   7      10 loop10 69 0 2434 2 0 0 0 0 0 2 2 0 0 0 0 0 0
   7      11 loop11 11 0 28 0 0 0 0 0 0 0 0 0 0 0 0 0 0
TS 1776789847.008567942 2026-04-21 16:44:07
 259       0 nvme0n1 25218 34922 488418 4449 17 13 240 0 0 2896 4450 0 0 0 0 0 0
 259       1 nvme0n1p1 25103 34922 484866 4444 17 13 240 0 0 2998 4444 0 0 0 0 0 0
   8      16 sdb 98924 139534 9965891 73674 2179898 1028346 142288656 1061152 0 240585 1182497 0 0 0 0 1059179 47671
   8      17 sdb1 98792 139534 9960763 73656 2179898 1028346 142288656 1061152 0 251878 1134808 0 0 0 0 0 0
   8       0 sda 2697780 1136118 451538140 40064406 553922306 197167725 8814680682 373873696 0 19349814 413938102 0 0 0 0 0 0
   8       1 sda1 65 0 520 53 0 0 0 0 0 55 53 0 0 0 0 0 0
   8       2 sda2 911 1178 333703 10104 75 0 82 24 0 1482 10129 0 0 0 0 0 0
   8       3 sda3 15872 1 1510065 49229 208 15 7896 15 0 19133 49244 0 0 0 0 0 0
   8       4 sda4 501237 645 167491958 15567300 4227043 359570 118081736 1513412 0 3968359 17080712 0 0 0 0 0 0
   8       5 sda5 84 0 6240 214 0 0 0 0 0 206 214 0 0 0 0 0 0
   8       6 sda6 2179526 1134294 282192350 24437229 549694980 196808140 8696590968 372360243 0 22403300 396797472 0 0 0 0 0 0
 253       0 dm-0 260060 0 166987185 9817538 4526924 0 118081736 2331446 0 10285369 12148984 0 0 0 0 0 0
 253       1 dm-1 3312090 0 282189648 46811242 746503120 0 8696590968 1661472475 0 24214557 1708283717 0 0 0 0 0 0
   7       0 loop0 1987 0 11616 365 0 0 0 0 0 310 365 0 0 0 0 0 0
   7       2 loop2 2570 0 14810 378 0 0 0 0 0 278 378 0 0 0 0 0 0
   7       1 loop1 2790 0 20628 829 0 0 0 0 0 814 829 0 0 0 0 0 0
   7       3 loop3 1972 0 11600 357 0 0 0 0 0 262 357 0 0 0 0 0 0
   7       4 loop4 598 0 4686 954 0 0 0 0 0 344 954 0 0 0 0 0 0
   7       5 loop5 1000 0 33472 1101 0 0 0 0 0 1005 1101 0 0 0 0 0 0
   7       6 loop6 73 0 828 192 0 0 0 0 0 165 192 0 0 0 0 0 0
   7       7 loop7 104 0 3142 285 0 0 0 0 0 284 285 0 0 0 0 0 0
   7       8 loop8 39 0 258 93 0 0 0 0 0 88 93 0 0 0 0 0 0
   7       9 loop9 116 0 6708 261 0 0 0 0 0 238 261 0 0 0 0 0 0
 253       2 dm-2 236599 0 9958082 445686 3208244 0 142288656 332101482 0 268175 332547168 0 0 0 0 0 0
   7      10 loop10 69 0 2434 2 0 0 0 0 0 2 2 0 0 0 0 0 0
   7      11 loop11 11 0 28 0 0 0 0 0 0 0 0 0 0 0 0 0 0
TS 1776789848.008998982 2026-04-21 16:44:08
 259       0 nvme0n1 25218 34922 488418 4449 17 13 240 0 0 2896 4450 0 0 0 0 0 0
 259       1 nvme0n1p1 25103 34922 484866 4444 17 13 240 0 0 2998 4444 0 0 0 0 0 0
   8      16 sdb 98924 139534 9965891 73674 2179898 1028346 142288656 1061152 0 240585 1182497 0 0 0 0 1059179 47671
   8      17 sdb1 98792 139534 9960763 73656 2179898 1028346 142288656 1061152 0 251878 1134808 0 0 0 0 0 0
   8       0 sda 2697780 1136118 451538140 40064406 553922556 197167899 8814687210 373873714 0 19349820 413938120 0 0 0 0 0 0
   8       1 sda1 65 0 520 53 0 0 0 0 0 55 53 0 0 0 0 0 0
   8       2 sda2 911 1178 333703 10104 75 0 82 24 0 1482 10129 0 0 0 0 0 0
   8       3 sda3 15872 1 1510065 49229 208 15 7896 15 0 19133 49244 0 0 0 0 0 0
   8       4 sda4 501237 645 167491958 15567300 4227057 359570 118081976 1513412 0 3968360 17080712 0 0 0 0 0 0
   8       5 sda5 84 0 6240 214 0 0 0 0 0 206 214 0 0 0 0 0 0
   8       6 sda6 2179526 1134294 282192350 24437229 549695216 196808314 8696597256 372360261 0 22403305 396797491 0 0 0 0 0 0
 253       0 dm-0 260060 0 166987185 9817538 4526938 0 118081976 2331447 0 10285370 12148985 0 0 0 0 0 0
 253       1 dm-1 3312090 0 282189648 46811242 746503530 0 8696597256 1661472548 0 24214562 1708283790 0 0 0 0 0 0
   7       0 loop0 1987 0 11616 365 0 0 0 0 0 310 365 0 0 0 0 0 0
   7       2 loop2 2570 0 14810 378 0 0 0 0 0 278 378 0 0 0 0 0 0
   7       1 loop1 2790 0 20628 829 0 0 0 0 0 814 829 0 0 0 0 0 0
   7       3 loop3 1972 0 11600 357 0 0 0 0 0 262 357 0 0 0 0 0 0
   7       4 loop4 598 0 4686 954 0 0 0 0 0 344 954 0 0 0 0 0 0
   7       5 loop5 1000 0 33472 1101 0 0 0 0 0 1005 1101 0 0 0 0 0 0
   7       6 loop6 73 0 828 192 0 0 0 0 0 165 192 0 0 0 0 0 0
   7       7 loop7 104 0 3142 285 0 0 0 0 0 284 285 0 0 0 0 0 0
   7       8 loop8 39 0 258 93 0 0 0 0 0 88 93 0 0 0 0 0 0
   7       9 loop9 116 0 6708 261 0 0 0 0 0 238 261 0 0 0 0 0 0
 253       2 dm-2 236599 0 9958082 445686 3208244 0 142288656 332101482 0 268175 332547168 0 0 0 0 0 0
   7      10 loop10 69 0 2434 2 0 0 0 0 0 2 2 0 0 0 0 0 0
   7      11 loop11 11 0 28 0 0 0 0 0 0 0 0 0 0 0 0 0 0
TS 1776789849.008793946 2026-04-21 16:44:09
 259       0 nvme0n1 25218 34922 488418 4449 17 13 240 0 0 2896 4450 0 0 0 0 0 0
 259       1 nvme0n1p1 25103 34922 484866 4444 17 13 240 0 0 2998 4444 0 0 0 0 0 0
   8      16 sdb 98924 139534 9965891 73674 2179898 1028346 142288656 1061152 0 240585 1182497 0 0 0 0 1059179 47671
   8      17 sdb1 98792 139534 9960763 73656 2179898 1028346 142288656 1061152 0 251878 1134808 0 0 0 0 0 0
   8       0 sda 2697780 1136118 451538140 40064406 553922642 197167929 8814691650 373873725 0 19349821 413938131 0 0 0 0 0 0
   8       1 sda1 65 0 520 53 0 0 0 0 0 55 53 0 0 0 0 0 0
   8       2 sda2 911 1178 333703 10104 75 0 82 24 0 1482 10129 0 0 0 0 0 0
   8       3 sda3 15872 1 1510065 49229 208 15 7896 15 0 19133 49244 0 0 0 0 0 0
   8       4 sda4 501237 645 167491958 15567300 4227071 359570 118082200 1513412 0 3968360 17080713 0 0 0 0 0 0
   8       5 sda5 84 0 6240 214 0 0 0 0 0 206 214 0 0 0 0 0 0
   8       6 sda6 2179526 1134294 282192350 24437229 549695288 196808344 8696601472 372360272 0 22403306 396797501 0 0 0 0 0 0
 253       0 dm-0 260060 0 166987185 9817538 4526952 0 118082200 2331447 0 10285370 12148985 0 0 0 0 0 0
 253       1 dm-1 3312090 0 282189648 46811242 746503632 0 8696601472 1661472551 0 24214563 1708283793 0 0 0 0 0 0
   7       0 loop0 1987 0 11616 365 0 0 0 0 0 310 365 0 0 0 0 0 0
   7       2 loop2 2570 0 14810 378 0 0 0 0 0 278 378 0 0 0 0 0 0
   7       1 loop1 2790 0 20628 829 0 0 0 0 0 814 829 0 0 0 0 0 0
   7       3 loop3 1972 0 11600 357 0 0 0 0 0 262 357 0 0 0 0 0 0
   7       4 loop4 598 0 4686 954 0 0 0 0 0 344 954 0 0 0 0 0 0
   7       5 loop5 1000 0 33472 1101 0 0 0 0 0 1005 1101 0 0 0 0 0 0
   7       6 loop6 73 0 828 192 0 0 0 0 0 165 192 0 0 0 0 0 0
   7       7 loop7 104 0 3142 285 0 0 0 0 0 284 285 0 0 0 0 0 0
   7       8 loop8 39 0 258 93 0 0 0 0 0 88 93 0 0 0 0 0 0
   7       9 loop9 116 0 6708 261 0 0 0 0 0 238 261 0 0 0 0 0 0
 253       2 dm-2 236599 0 9958082 445686 3208244 0 142288656 332101482 0 268175 332547168 0 0 0 0 0 0
   7      10 loop10 69 0 2434 2 0 0 0 0 0 2 2 0 0 0 0 0 0
   7      11 loop11 11 0 28 0 0 0 0 0 0 0 0 0 0 0 0 0 0
TS 1776789850.009047889 2026-04-21 16:44:10
 259       0 nvme0n1 25218 34922 488418 4449 17 13 240 0 0 2896 4450 0 0 0 0 0 0
 259       1 nvme0n1p1 25103 34922 484866 4444 17 13 240 0 0 2998 4444 0 0 0 0 0 0
   8      16 sdb 98924 139534 9965891 73674 2179901 1028352 142288720 1061152 0 240586 1182498 0 0 0 0 1059182 47671
   8      17 sdb1 98792 139534 9960763 73656 2179901 1028352 142288720 1061152 0 251879 1134809 0 0 0 0 0 0
   8       0 sda 2697780 1136118 451538140 40064406 553922951 197168040 8814697218 373873844 0 19349824 413938250 0 0 0 0 0 0
   8       1 sda1 65 0 520 53 0 0 0 0 0 55 53 0 0 0 0 0 0
   8       2 sda2 911 1178 333703 10104 75 0 82 24 0 1482 10129 0 0 0 0 0 0
   8       3 sda3 15872 1 1510065 49229 208 15 7896 15 0 19133 49244 0 0 0 0 0 0
   8       4 sda4 501237 645 167491958 15567300 4227085 359570 118082432 1513413 0 3968361 17080713 0 0 0 0 0 0
   8       5 sda5 84 0 6240 214 0 0 0 0 0 206 214 0 0 0 0 0 0
   8       6 sda6 2179526 1134294 282192350 24437229 549695583 196808455 8696606808 372360391 0 22403309 396797620 0 0 0 0 0 0
 253       0 dm-0 260060 0 166987185 9817538 4526966 0 118082432 2331447 0 10285370 12148985 0 0 0 0 0 0
 253       1 dm-1 3312090 0 282189648 46811242 746504038 0 8696606808 1661472706 0 24214568 1708283948 0 0 0 0 0 0
   7       0 loop0 1987 0 11616 365 0 0 0 0 0 310 365 0 0 0 0 0 0
   7       2 loop2 2570 0 14810 378 0 0 0 0 0 278 378 0 0 0 0 0 0
   7       1 loop1 2790 0 20628 829 0 0 0 0 0 814 829 0 0 0 0 0 0
   7       3 loop3 1972 0 11600 357 0 0 0 0 0 262 357 0 0 0 0 0 0
   7       4 loop4 598 0 4686 954 0 0 0 0 0 344 954 0 0 0 0 0 0
   7       5 loop5 1000 0 33472 1101 0 0 0 0 0 1005 1101 0 0 0 0 0 0
   7       6 loop6 73 0 828 192 0 0 0 0 0 165 192 0 0 0 0 0 0
   7       7 loop7 104 0 3142 285 0 0 0 0 0 284 285 0 0 0 0 0 0
   7       8 loop8 39 0 258 93 0 0 0 0 0 88 93 0 0 0 0 0 0
   7       9 loop9 116 0 6708 261 0 0 0 0 0 238 261 0 0 0 0 0 0
 253       2 dm-2 236599 0 9958082 445686 3208253 0 142288720 332101483 0 268176 332547169 0 0 0 0 0 0
   7      10 loop10 69 0 2434 2 0 0 0 0 0 2 2 0 0 0 0 0 0
   7      11 loop11 11 0 28 0 0 0 0 0 0 0 0 0 0 0 0 0 0
TS 1776789851.008793151 2026-04-21 16:44:11
 259       0 nvme0n1 25218 34922 488418 4449 17 13 240 0 0 2896 4450 0 0 0 0 0 0
 259       1 nvme0n1p1 25103 34922 484866 4444 17 13 240 0 0 2998 4444 0 0 0 0 0 0
   8      16 sdb 98924 139534 9965891 73674 2179901 1028352 142288720 1061152 0 240586 1182498 0 0 0 0 1059182 47671
   8      17 sdb1 98792 139534 9960763 73656 2179901 1028352 142288720 1061152 0 251879 1134809 0 0 0 0 0 0
   8       0 sda 2697780 1136118 451538140 40064406 553923033 197168088 8814699074 373873858 0 19349825 413938264 0 0 0 0 0 0
   8       1 sda1 65 0 520 53 0 0 0 0 0 55 53 0 0 0 0 0 0
   8       2 sda2 911 1178 333703 10104 75 0 82 24 0 1482 10129 0 0 0 0 0 0
   8       3 sda3 15872 1 1510065 49229 208 15 7896 15 0 19133 49244 0 0 0 0 0 0
   8       4 sda4 501237 645 167491958 15567300 4227099 359570 118082656 1513413 0 3968361 17080714 0 0 0 0 0 0
   8       5 sda5 84 0 6240 214 0 0 0 0 0 206 214 0 0 0 0 0 0
   8       6 sda6 2179526 1134294 282192350 24437229 549695651 196808503 8696608440 372360403 0 22403311 396797632 0 0 0 0 0 0
 253       0 dm-0 260060 0 166987185 9817538 4526980 0 118082656 2331447 0 10285370 12148985 0 0 0 0 0 0
 253       1 dm-1 3312090 0 282189648 46811242 746504154 0 8696608440 1661472784 0 24214570 1708284026 0 0 0 0 0 0
   7       0 loop0 1987 0 11616 365 0 0 0 0 0 310 365 0 0 0 0 0 0
   7       2 loop2 2570 0 14810 378 0 0 0 0 0 278 378 0 0 0 0 0 0
   7       1 loop1 2790 0 20628 829 0 0 0 0 0 814 829 0 0 0 0 0 0
   7       3 loop3 1972 0 11600 357 0 0 0 0 0 262 357 0 0 0 0 0 0
   7       4 loop4 598 0 4686 954 0 0 0 0 0 344 954 0 0 0 0 0 0
   7       5 loop5 1000 0 33472 1101 0 0 0 0 0 1005 1101 0 0 0 0 0 0
   7       6 loop6 73 0 828 192 0 0 0 0 0 165 192 0 0 0 0 0 0
   7       7 loop7 104 0 3142 285 0 0 0 0 0 284 285 0 0 0 0 0 0
   7       8 loop8 39 0 258 93 0 0 0 0 0 88 93 0 0 0 0 0 0
   7       9 loop9 116 0 6708 261 0 0 0 0 0 238 261 0 0 0 0 0 0
 253       2 dm-2 236599 0 9958082 445686 3208253 0 142288720 332101483 0 268176 332547169 0 0 0 0 0 0
   7      10 loop10 69 0 2434 2 0 0 0 0 0 2 2 0 0 0 0 0 0
   7      11 loop11 11 0 28 0 0 0 0 0 0 0 0 0 0 0 0 0 0
TS 1776789852.009224828 2026-04-21 16:44:12
 259       0 nvme0n1 25218 34922 488418 4449 17 13 240 0 0 2896 4450 0 0 0 0 0 0
 259       1 nvme0n1p1 25103 34922 484866 4444 17 13 240 0 0 2998 4444 0 0 0 0 0 0
   8      16 sdb 98924 139534 9965891 73674 2179901 1028352 142288720 1061152 0 240586 1182498 0 0 0 0 1059182 47671
   8      17 sdb1 98792 139534 9960763 73656 2179901 1028352 142288720 1061152 0 251879 1134809 0 0 0 0 0 0
   8       0 sda 2697780 1136118 451538140 40064406 553923186 197168337 8814702714 373873902 0 19349827 413938308 0 0 0 0 0 0
   8       1 sda1 65 0 520 53 0 0 0 0 0 55 53 0 0 0 0 0 0
   8       2 sda2 911 1178 333703 10104 75 0 82 24 0 1482 10129 0 0 0 0 0 0
   8       3 sda3 15872 1 1510065 49229 208 15 7896 15 0 19133 49244 0 0 0 0 0 0
   8       4 sda4 501237 645 167491958 15567300 4227113 359570 118082888 1513414 0 3968362 17080714 0 0 0 0 0 0
   8       5 sda5 84 0 6240 214 0 0 0 0 0 206 214 0 0 0 0 0 0
   8       6 sda6 2179526 1134294 282192350 24437229 549695790 196808752 8696611848 372360447 0 22403312 396797676 0 0 0 0 0 0
 253       0 dm-0 260060 0 166987185 9817538 4526994 0 118082888 2331448 0 10285371 12148986 0 0 0 0 0 0
 253       1 dm-1 3312090 0 282189648 46811242 746504542 0 8696611848 1661472987 0 24214571 1708284229 0 0 0 0 0 0
   7       0 loop0 1987 0 11616 365 0 0 0 0 0 310 365 0 0 0 0 0 0
   7       2 loop2 2570 0 14810 378 0 0 0 0 0 278 378 0 0 0 0 0 0
   7       1 loop1 2790 0 20628 829 0 0 0 0 0 814 829 0 0 0 0 0 0
   7       3 loop3 1972 0 11600 357 0 0 0 0 0 262 357 0 0 0 0 0 0
   7       4 loop4 598 0 4686 954 0 0 0 0 0 344 954 0 0 0 0 0 0
   7       5 loop5 1000 0 33472 1101 0 0 0 0 0 1005 1101 0 0 0 0 0 0
   7       6 loop6 73 0 828 192 0 0 0 0 0 165 192 0 0 0 0 0 0
   7       7 loop7 104 0 3142 285 0 0 0 0 0 284 285 0 0 0 0 0 0
   7       8 loop8 39 0 258 93 0 0 0 0 0 88 93 0 0 0 0 0 0
   7       9 loop9 116 0 6708 261 0 0 0 0 0 238 261 0 0 0 0 0 0
 253       2 dm-2 236599 0 9958082 445686 3208253 0 142288720 332101483 0 268176 332547169 0 0 0 0 0 0
   7      10 loop10 69 0 2434 2 0 0 0 0 0 2 2 0 0 0 0 0 0
   7      11 loop11 11 0 28 0 0 0 0 0 0 0 0 0 0 0 0 0 0
TS 1776789853.008928366 2026-04-21 16:44:13
 259       0 nvme0n1 25218 34922 488418 4449 17 13 240 0 0 2896 4450 0 0 0 0 0 0
 259       1 nvme0n1p1 25103 34922 484866 4444 17 13 240 0 0 2998 4444 0 0 0 0 0 0
   8      16 sdb 98924 139534 9965891 73674 2179901 1028352 142288720 1061152 0 240586 1182498 0 0 0 0 1059182 47671
   8      17 sdb1 98792 139534 9960763 73656 2179901 1028352 142288720 1061152 0 251879 1134809 0 0 0 0 0 0
   8       0 sda 2697793 1136118 451538244 40064406 553923736 197168721 8814711882 373873939 0 19349830 413938345 0 0 0 0 0 0
   8       1 sda1 65 0 520 53 0 0 0 0 0 55 53 0 0 0 0 0 0
   8       2 sda2 911 1178 333703 10104 75 0 82 24 0 1482 10129 0 0 0 0 0 0
   8       3 sda3 15872 1 1510065 49229 208 15 7896 15 0 19133 49244 0 0 0 0 0 0
   8       4 sda4 501237 645 167491958 15567300 4227159 359580 118083864 1513422 0 3968362 17080723 0 0 0 0 0 0
   8       5 sda5 84 0 6240 214 0 0 0 0 0 206 214 0 0 0 0 0 0
   8       6 sda6 2179539 1134294 282192454 24437229 549696294 196809126 8696620040 372360476 0 22403318 396797705 0 0 0 0 0 0
 253       0 dm-0 260060 0 166987185 9817538 4527050 0 118083864 2331448 0 10285371 12148986 0 0 0 0 0 0
 253       1 dm-1 3312103 0 282189752 46811242 746505420 0 8696620040 1661473030 0 24214578 1708284272 0 0 0 0 0 0
   7       0 loop0 1987 0 11616 365 0 0 0 0 0 310 365 0 0 0 0 0 0
   7       2 loop2 2570 0 14810 378 0 0 0 0 0 278 378 0 0 0 0 0 0
   7       1 loop1 2790 0 20628 829 0 0 0 0 0 814 829 0 0 0 0 0 0
   7       3 loop3 1972 0 11600 357 0 0 0 0 0 262 357 0 0 0 0 0 0
   7       4 loop4 598 0 4686 954 0 0 0 0 0 344 954 0 0 0 0 0 0
   7       5 loop5 1000 0 33472 1101 0 0 0 0 0 1005 1101 0 0 0 0 0 0
   7       6 loop6 73 0 828 192 0 0 0 0 0 165 192 0 0 0 0 0 0
   7       7 loop7 104 0 3142 285 0 0 0 0 0 284 285 0 0 0 0 0 0
   7       8 loop8 39 0 258 93 0 0 0 0 0 88 93 0 0 0 0 0 0
   7       9 loop9 116 0 6708 261 0 0 0 0 0 238 261 0 0 0 0 0 0
 253       2 dm-2 236599 0 9958082 445686 3208253 0 142288720 332101483 0 268176 332547169 0 0 0 0 0 0
   7      10 loop10 69 0 2434 2 0 0 0 0 0 2 2 0 0 0 0 0 0
   7      11 loop11 11 0 28 0 0 0 0 0 0 0 0 0 0 0 0 0 0
TS 1776789854.008593875 2026-04-21 16:44:14
 259       0 nvme0n1 25218 34922 488418 4449 17 13 240 0 0 2896 4450 0 0 0 0 0 0
 259       1 nvme0n1p1 25103 34922 484866 4444 17 13 240 0 0 2998 4444 0 0 0 0 0 0
   8      16 sdb 98924 139534 9965891 73674 2179901 1028352 142288720 1061152 0 240586 1182498 0 0 0 0 1059182 47671
   8      17 sdb1 98792 139534 9960763 73656 2179901 1028352 142288720 1061152 0 251879 1134809 0 0 0 0 0 0
   8       0 sda 2697793 1136118 451538244 40064406 553924118 197168876 8814724538 373874000 0 19349836 413938407 0 0 0 0 0 0
   8       1 sda1 65 0 520 53 0 0 0 0 0 55 53 0 0 0 0 0 0
   8       2 sda2 911 1178 333703 10104 75 0 82 24 0 1482 10129 0 0 0 0 0 0
   8       3 sda3 15872 1 1510065 49229 208 15 7896 15 0 19133 49244 0 0 0 0 0 0
   8       4 sda4 501237 645 167491958 15567300 4227173 359580 118084088 1513423 0 3968362 17080723 0 0 0 0 0 0
   8       5 sda5 84 0 6240 214 0 0 0 0 0 206 214 0 0 0 0 0 0
   8       6 sda6 2179539 1134294 282192454 24437229 549696662 196809281 8696632472 372360536 0 22403325 396797766 0 0 0 0 0 0
 253       0 dm-0 260060 0 166987185 9817538 4527064 0 118084088 2331448 0 10285371 12148986 0 0 0 0 0 0
 253       1 dm-1 3312103 0 282189752 46811242 746505943 0 8696632472 1661473101 0 24214589 1708284343 0 0 0 0 0 0
   7       0 loop0 1987 0 11616 365 0 0 0 0 0 310 365 0 0 0 0 0 0
   7       2 loop2 2570 0 14810 378 0 0 0 0 0 278 378 0 0 0 0 0 0
   7       1 loop1 2790 0 20628 829 0 0 0 0 0 814 829 0 0 0 0 0 0
   7       3 loop3 1972 0 11600 357 0 0 0 0 0 262 357 0 0 0 0 0 0
   7       4 loop4 598 0 4686 954 0 0 0 0 0 344 954 0 0 0 0 0 0
   7       5 loop5 1000 0 33472 1101 0 0 0 0 0 1005 1101 0 0 0 0 0 0
   7       6 loop6 73 0 828 192 0 0 0 0 0 165 192 0 0 0 0 0 0
   7       7 loop7 104 0 3142 285 0 0 0 0 0 284 285 0 0 0 0 0 0
   7       8 loop8 39 0 258 93 0 0 0 0 0 88 93 0 0 0 0 0 0
   7       9 loop9 116 0 6708 261 0 0 0 0 0 238 261 0 0 0 0 0 0
 253       2 dm-2 236599 0 9958082 445686 3208253 0 142288720 332101483 0 268176 332547169 0 0 0 0 0 0
   7      10 loop10 69 0 2434 2 0 0 0 0 0 2 2 0 0 0 0 0 0
   7      11 loop11 11 0 28 0 0 0 0 0 0 0 0 0 0 0 0 0 0
TS 1776789855.009221061 2026-04-21 16:44:15
 259       0 nvme0n1 25218 34922 488418 4449 17 13 240 0 0 2896 4450 0 0 0 0 0 0
 259       1 nvme0n1p1 25103 34922 484866 4444 17 13 240 0 0 2998 4444 0 0 0 0 0 0
   8      16 sdb 98924 139534 9965891 73674 2179905 1028354 142288760 1061152 0 240586 1182498 0 0 0 0 1059185 47671
   8      17 sdb1 98792 139534 9960763 73656 2179905 1028354 142288760 1061152 0 251879 1134809 0 0 0 0 0 0
   8       0 sda 2697793 1136118 451538244 40064406 553924170 197168943 8814726362 373874003 0 19349836 413938410 0 0 0 0 0 0
   8       1 sda1 65 0 520 53 0 0 0 0 0 55 53 0 0 0 0 0 0
   8       2 sda2 911 1178 333703 10104 75 0 82 24 0 1482 10129 0 0 0 0 0 0
   8       3 sda3 15872 1 1510065 49229 208 15 7896 15 0 19133 49244 0 0 0 0 0 0
   8       4 sda4 501237 645 167491958 15567300 4227187 359580 118084320 1513424 0 3968362 17080724 0 0 0 0 0 0
   8       5 sda5 84 0 6240 214 0 0 0 0 0 206 214 0 0 0 0 0 0
   8       6 sda6 2179539 1134294 282192454 24437229 549696700 196809348 8696634064 372360539 0 22403325 396797768 0 0 0 0 0 0
 253       0 dm-0 260060 0 166987185 9817538 4527078 0 118084320 2331448 0 10285371 12148986 0 0 0 0 0 0
 253       1 dm-1 3312103 0 282189752 46811242 746506048 0 8696634064 1661473101 0 24214589 1708284343 0 0 0 0 0 0
   7       0 loop0 1987 0 11616 365 0 0 0 0 0 310 365 0 0 0 0 0 0
   7       2 loop2 2570 0 14810 378 0 0 0 0 0 278 378 0 0 0 0 0 0
   7       1 loop1 2790 0 20628 829 0 0 0 0 0 814 829 0 0 0 0 0 0
   7       3 loop3 1972 0 11600 357 0 0 0 0 0 262 357 0 0 0 0 0 0
   7       4 loop4 598 0 4686 954 0 0 0 0 0 344 954 0 0 0 0 0 0
   7       5 loop5 1000 0 33472 1101 0 0 0 0 0 1005 1101 0 0 0 0 0 0
   7       6 loop6 73 0 828 192 0 0 0 0 0 165 192 0 0 0 0 0 0
   7       7 loop7 104 0 3142 285 0 0 0 0 0 284 285 0 0 0 0 0 0
   7       8 loop8 39 0 258 93 0 0 0 0 0 88 93 0 0 0 0 0 0
   7       9 loop9 116 0 6708 261 0 0 0 0 0 238 261 0 0 0 0 0 0
 253       2 dm-2 236599 0 9958082 445686 3208259 0 142288760 332101483 0 268176 332547169 0 0 0 0 0 0
   7      10 loop10 69 0 2434 2 0 0 0 0 0 2 2 0 0 0 0 0 0
   7      11 loop11 11 0 28 0 0 0 0 0 0 0 0 0 0 0 0 0 0
TS 1776789856.008449761 2026-04-21 16:44:16
 259       0 nvme0n1 25218 34922 488418 4449 17 13 240 0 0 2896 4450 0 0 0 0 0 0
 259       1 nvme0n1p1 25103 34922 484866 4444 17 13 240 0 0 2998 4444 0 0 0 0 0 0
   8      16 sdb 98924 139534 9965891 73674 2179905 1028354 142288760 1061152 0 240586 1182498 0 0 0 0 1059185 47671
   8      17 sdb1 98792 139534 9960763 73656 2179905 1028354 142288760 1061152 0 251879 1134809 0 0 0 0 0 0
   8       0 sda 2697793 1136118 451538244 40064406 553924628 197169342 8814736586 373874277 0 19349841 413938683 0 0 0 0 0 0
   8       1 sda1 65 0 520 53 0 0 0 0 0 55 53 0 0 0 0 0 0
   8       2 sda2 911 1178 333703 10104 75 0 82 24 0 1482 10129 0 0 0 0 0 0
   8       3 sda3 15872 1 1510065 49229 208 15 7896 15 0 19133 49244 0 0 0 0 0 0
   8       4 sda4 501237 645 167491958 15567300 4227201 359580 118084552 1513424 0 3968362 17080724 0 0 0 0 0 0
   8       5 sda5 84 0 6240 214 0 0 0 0 0 206 214 0 0 0 0 0 0
   8       6 sda6 2179539 1134294 282192454 24437229 549697144 196809747 8696644056 372360812 0 22403330 396798041 0 0 0 0 0 0
 253       0 dm-0 260060 0 166987185 9817538 4527092 0 118084552 2331448 0 10285371 12148986 0 0 0 0 0 0
 253       1 dm-1 3312103 0 282189752 46811242 746506891 0 8696644056 1661473713 0 24214594 1708284955 0 0 0 0 0 0
   7       0 loop0 1987 0 11616 365 0 0 0 0 0 310 365 0 0 0 0 0 0
   7       2 loop2 2570 0 14810 378 0 0 0 0 0 278 378 0 0 0 0 0 0
   7       1 loop1 2790 0 20628 829 0 0 0 0 0 814 829 0 0 0 0 0 0
   7       3 loop3 1972 0 11600 357 0 0 0 0 0 262 357 0 0 0 0 0 0
   7       4 loop4 598 0 4686 954 0 0 0 0 0 344 954 0 0 0 0 0 0
   7       5 loop5 1000 0 33472 1101 0 0 0 0 0 1005 1101 0 0 0 0 0 0
   7       6 loop6 73 0 828 192 0 0 0 0 0 165 192 0 0 0 0 0 0
   7       7 loop7 104 0 3142 285 0 0 0 0 0 284 285 0 0 0 0 0 0
   7       8 loop8 39 0 258 93 0 0 0 0 0 88 93 0 0 0 0 0 0
   7       9 loop9 116 0 6708 261 0 0 0 0 0 238 261 0 0 0 0 0 0
 253       2 dm-2 236599 0 9958082 445686 3208259 0 142288760 332101483 0 268176 332547169 0 0 0 0 0 0
   7      10 loop10 69 0 2434 2 0 0 0 0 0 2 2 0 0 0 0 0 0
   7      11 loop11 11 0 28 0 0 0 0 0 0 0 0 0 0 0 0 0 0
TS 1776789857.008543462 2026-04-21 16:44:17
 259       0 nvme0n1 25218 34922 488418 4449 17 13 240 0 0 2896 4450 0 0 0 0 0 0
 259       1 nvme0n1p1 25103 34922 484866 4444 17 13 240 0 0 2998 4444 0 0 0 0 0 0
   8      16 sdb 98924 139534 9965891 73674 2179905 1028354 142288760 1061152 0 240586 1182498 0 0 0 0 1059185 47671
   8      17 sdb1 98792 139534 9960763 73656 2179905 1028354 142288760 1061152 0 251879 1134809 0 0 0 0 0 0
   8       0 sda 2697793 1136118 451538244 40064406 553924692 197169365 8814737722 373874285 0 19349842 413938692 0 0 0 0 0 0
   8       1 sda1 65 0 520 53 0 0 0 0 0 55 53 0 0 0 0 0 0
   8       2 sda2 911 1178 333703 10104 75 0 82 24 0 1482 10129 0 0 0 0 0 0
   8       3 sda3 15872 1 1510065 49229 208 15 7896 15 0 19133 49244 0 0 0 0 0 0
   8       4 sda4 501237 645 167491958 15567300 4227215 359580 118084776 1513424 0 3968363 17080725 0 0 0 0 0 0
   8       5 sda5 84 0 6240 214 0 0 0 0 0 206 214 0 0 0 0 0 0
   8       6 sda6 2179539 1134294 282192454 24437229 549697194 196809770 8696644968 372360820 0 22403331 396798049 0 0 0 0 0 0
 253       0 dm-0 260060 0 166987185 9817538 4527106 0 118084776 2331450 0 10285372 12148988 0 0 0 0 0 0
 253       1 dm-1 3312103 0 282189752 46811242 746506964 0 8696644968 1661473721 0 24214595 1708284963 0 0 0 0 0 0
   7       0 loop0 1987 0 11616 365 0 0 0 0 0 310 365 0 0 0 0 0 0
   7       2 loop2 2570 0 14810 378 0 0 0 0 0 278 378 0 0 0 0 0 0
   7       1 loop1 2790 0 20628 829 0 0 0 0 0 814 829 0 0 0 0 0 0
   7       3 loop3 1972 0 11600 357 0 0 0 0 0 262 357 0 0 0 0 0 0
   7       4 loop4 598 0 4686 954 0 0 0 0 0 344 954 0 0 0 0 0 0
   7       5 loop5 1000 0 33472 1101 0 0 0 0 0 1005 1101 0 0 0 0 0 0
   7       6 loop6 73 0 828 192 0 0 0 0 0 165 192 0 0 0 0 0 0
   7       7 loop7 104 0 3142 285 0 0 0 0 0 284 285 0 0 0 0 0 0
   7       8 loop8 39 0 258 93 0 0 0 0 0 88 93 0 0 0 0 0 0
   7       9 loop9 116 0 6708 261 0 0 0 0 0 238 261 0 0 0 0 0 0
 253       2 dm-2 236599 0 9958082 445686 3208259 0 142288760 332101483 0 268176 332547169 0 0 0 0 0 0
   7      10 loop10 69 0 2434 2 0 0 0 0 0 2 2 0 0 0 0 0 0
   7      11 loop11 11 0 28 0 0 0 0 0 0 0 0 0 0 0 0 0 0
TS 1776789858.008667229 2026-04-21 16:44:18
 259       0 nvme0n1 25218 34922 488418 4449 17 13 240 0 0 2896 4450 0 0 0 0 0 0
 259       1 nvme0n1p1 25103 34922 484866 4444 17 13 240 0 0 2998 4444 0 0 0 0 0 0
   8      16 sdb 98924 139534 9965891 73674 2179905 1028354 142288760 1061152 0 240586 1182498 0 0 0 0 1059185 47671
   8      17 sdb1 98792 139534 9960763 73656 2179905 1028354 142288760 1061152 0 251879 1134809 0 0 0 0 0 0
   8       0 sda 2697793 1136118 451538244 40064406 553924918 197169479 8814741210 373874303 0 19349844 413938709 0 0 0 0 0 0
   8       1 sda1 65 0 520 53 0 0 0 0 0 55 53 0 0 0 0 0 0
   8       2 sda2 911 1178 333703 10104 75 0 82 24 0 1482 10129 0 0 0 0 0 0
   8       3 sda3 15872 1 1510065 49229 208 15 7896 15 0 19133 49244 0 0 0 0 0 0
   8       4 sda4 501237 645 167491958 15567300 4227232 359581 118085032 1513425 0 3968364 17080726 0 0 0 0 0 0
   8       5 sda5 84 0 6240 214 0 0 0 0 0 206 214 0 0 0 0 0 0
   8       6 sda6 2179539 1134294 282192454 24437229 549697403 196809883 8696648200 372360836 0 22403332 396798066 0 0 0 0 0 0
 253       0 dm-0 260060 0 166987185 9817538 4527124 0 118085032 2331453 0 10285373 12148991 0 0 0 0 0 0
 253       1 dm-1 3312103 0 282189752 46811242 746507286 0 8696648200 1661473728 0 24214598 1708284970 0 0 0 0 0 0
   7       0 loop0 1987 0 11616 365 0 0 0 0 0 310 365 0 0 0 0 0 0
   7       2 loop2 2570 0 14810 378 0 0 0 0 0 278 378 0 0 0 0 0 0
   7       1 loop1 2790 0 20628 829 0 0 0 0 0 814 829 0 0 0 0 0 0
   7       3 loop3 1972 0 11600 357 0 0 0 0 0 262 357 0 0 0 0 0 0
   7       4 loop4 598 0 4686 954 0 0 0 0 0 344 954 0 0 0 0 0 0
   7       5 loop5 1000 0 33472 1101 0 0 0 0 0 1005 1101 0 0 0 0 0 0
   7       6 loop6 73 0 828 192 0 0 0 0 0 165 192 0 0 0 0 0 0
   7       7 loop7 104 0 3142 285 0 0 0 0 0 284 285 0 0 0 0 0 0
   7       8 loop8 39 0 258 93 0 0 0 0 0 88 93 0 0 0 0 0 0
   7       9 loop9 116 0 6708 261 0 0 0 0 0 238 261 0 0 0 0 0 0
 253       2 dm-2 236599 0 9958082 445686 3208259 0 142288760 332101483 0 268176 332547169 0 0 0 0 0 0
   7      10 loop10 69 0 2434 2 0 0 0 0 0 2 2 0 0 0 0 0 0
   7      11 loop11 11 0 28 0 0 0 0 0 0 0 0 0 0 0 0 0 0
TS 1776789859.009041469 2026-04-21 16:44:19
 259       0 nvme0n1 25218 34922 488418 4449 17 13 240 0 0 2896 4450 0 0 0 0 0 0
 259       1 nvme0n1p1 25103 34922 484866 4444 17 13 240 0 0 2998 4444 0 0 0 0 0 0
   8      16 sdb 98924 139534 9965891 73674 2179905 1028354 142288760 1061152 0 240586 1182498 0 0 0 0 1059185 47671
   8      17 sdb1 98792 139534 9960763 73656 2179905 1028354 142288760 1061152 0 251879 1134809 0 0 0 0 0 0
   8       0 sda 2697793 1136118 451538244 40064406 553924955 197169492 8814742058 373874304 0 19349844 413938711 0 0 0 0 0 0
   8       1 sda1 65 0 520 53 0 0 0 0 0 55 53 0 0 0 0 0 0
   8       2 sda2 911 1178 333703 10104 75 0 82 24 0 1482 10129 0 0 0 0 0 0
   8       3 sda3 15872 1 1510065 49229 208 15 7896 15 0 19133 49244 0 0 0 0 0 0
   8       4 sda4 501237 645 167491958 15567300 4227246 359581 118085264 1513426 0 3968364 17080726 0 0 0 0 0 0
   8       5 sda5 84 0 6240 214 0 0 0 0 0 206 214 0 0 0 0 0 0
   8       6 sda6 2179539 1134294 282192454 24437229 549697426 196809896 8696648816 372360838 0 22403332 396798067 0 0 0 0 0 0
 253       0 dm-0 260060 0 166987185 9817538 4527138 0 118085264 2331453 0 10285373 12148991 0 0 0 0 0 0
 253       1 dm-1 3312103 0 282189752 46811242 746507322 0 8696648816 1661473728 0 24214598 1708284970 0 0 0 0 0 0
   7       0 loop0 1987 0 11616 365 0 0 0 0 0 310 365 0 0 0 0 0 0
   7       2 loop2 2570 0 14810 378 0 0 0 0 0 278 378 0 0 0 0 0 0
   7       1 loop1 2790 0 20628 829 0 0 0 0 0 814 829 0 0 0 0 0 0
   7       3 loop3 1972 0 11600 357 0 0 0 0 0 262 357 0 0 0 0 0 0
   7       4 loop4 598 0 4686 954 0 0 0 0 0 344 954 0 0 0 0 0 0
   7       5 loop5 1000 0 33472 1101 0 0 0 0 0 1005 1101 0 0 0 0 0 0
   7       6 loop6 73 0 828 192 0 0 0 0 0 165 192 0 0 0 0 0 0
   7       7 loop7 104 0 3142 285 0 0 0 0 0 284 285 0 0 0 0 0 0
   7       8 loop8 39 0 258 93 0 0 0 0 0 88 93 0 0 0 0 0 0
   7       9 loop9 116 0 6708 261 0 0 0 0 0 238 261 0 0 0 0 0 0
 253       2 dm-2 236599 0 9958082 445686 3208259 0 142288760 332101483 0 268176 332547169 0 0 0 0 0 0
   7      10 loop10 69 0 2434 2 0 0 0 0 0 2 2 0 0 0 0 0 0
   7      11 loop11 11 0 28 0 0 0 0 0 0 0 0 0 0 0 0 0 0
TS 1776789860.009323180 2026-04-21 16:44:20
 259       0 nvme0n1 25218 34922 488418 4449 17 13 240 0 0 2896 4450 0 0 0 0 0 0
 259       1 nvme0n1p1 25103 34922 484866 4444 17 13 240 0 0 2998 4444 0 0 0 0 0 0
   8      16 sdb 98924 139534 9965891 73674 2179909 1028356 142288800 1061153 0 240586 1182498 0 0 0 0 1059188 47671
   8      17 sdb1 98792 139534 9960763 73656 2179909 1028356 142288800 1061153 0 251879 1134809 0 0 0 0 0 0
   8       0 sda 2697793 1136118 451538244 40064406 553925166 197169562 8814754066 373874447 0 19349847 413938853 0 0 0 0 0 0
   8       1 sda1 65 0 520 53 0 0 0 0 0 55 53 0 0 0 0 0 0
   8       2 sda2 911 1178 333703 10104 75 0 82 24 0 1482 10129 0 0 0 0 0 0
   8       3 sda3 15872 1 1510065 49229 208 15 7896 15 0 19133 49244 0 0 0 0 0 0
   8       4 sda4 501237 645 167491958 15567300 4227260 359581 118085512 1513426 0 3968364 17080727 0 0 0 0 0 0
   8       5 sda5 84 0 6240 214 0 0 0 0 0 206 214 0 0 0 0 0 0
   8       6 sda6 2179539 1134294 282192454 24437229 549697623 196809966 8696660576 372360980 0 22403336 396798209 0 0 0 0 0 0
 253       0 dm-0 260060 0 166987185 9817538 4527152 0 118085512 2331453 0 10285373 12148991 0 0 0 0 0 0
 253       1 dm-1 3312103 0 282189752 46811242 746507589 0 8696660576 1661473877 0 24214604 1708285119 0 0 0 0 0 0
   7       0 loop0 1987 0 11616 365 0 0 0 0 0 310 365 0 0 0 0 0 0
   7       2 loop2 2570 0 14810 378 0 0 0 0 0 278 378 0 0 0 0 0 0
   7       1 loop1 2790 0 20628 829 0 0 0 0 0 814 829 0 0 0 0 0 0
   7       3 loop3 1972 0 11600 357 0 0 0 0 0 262 357 0 0 0 0 0 0
   7       4 loop4 598 0 4686 954 0 0 0 0 0 344 954 0 0 0 0 0 0
   7       5 loop5 1000 0 33472 1101 0 0 0 0 0 1005 1101 0 0 0 0 0 0
   7       6 loop6 73 0 828 192 0 0 0 0 0 165 192 0 0 0 0 0 0
   7       7 loop7 104 0 3142 285 0 0 0 0 0 284 285 0 0 0 0 0 0
   7       8 loop8 39 0 258 93 0 0 0 0 0 88 93 0 0 0 0 0 0
   7       9 loop9 116 0 6708 261 0 0 0 0 0 238 261 0 0 0 0 0 0
 253       2 dm-2 236599 0 9958082 445686 3208265 0 142288800 332101483 0 268176 332547169 0 0 0 0 0 0
   7      10 loop10 69 0 2434 2 0 0 0 0 0 2 2 0 0 0 0 0 0
   7      11 loop11 11 0 28 0 0 0 0 0 0 0 0 0 0 0 0 0 0
