procs -----------memory---------- ---swap-- -----io---- -system-- ------cpu-----
 r  b   swpd   free   buff  cache   si   so    bi    bo   in   cs us sy id wa st
10  1      0 109560832 10433552 232098208    0    0     5    93    1    1  3  3 94  0  0
 4  0      0 109572144 10433552 232099008    0    0    64  1512 41350 58342  4  8 88  0  0
 6  0      0 109575936 10433552 232095392    0    0     0  1084 44087 70170  4  9 87  0  0
 5  0      0 109591584 10433552 232096544    0    0     0  4224 38216 60028  4  8 88  0  0
 4  0      0 109579240 10433552 232094048    0    0     0   612 38681 55882  3  8 89  0  0
 4  0      0 109590672 10433552 232078624    0    0     0  4316 42802 60621  5  8 87  0  0
 4  0      0 109545696 10433552 232078944    0    0     0   896 41792 72611  3  7 90  0  0
 4  0      0 109541312 10433552 232081312    0    0     0  1084 41371 66816  4  7 89  0  0
 7  0      0 109523472 10433552 232079488    0    0    40  5936 42456 65011  4  7 89  0  0
 3  0      0 109567408 10433552 232077904    0    0     0   844 34027 52555  3  6 91  0  0
 7  0      0 109564088 10433552 232076640    0    0     0  5736 42333 63322  4  8 89  0  0
 7  0      0 109638064 10433552 232076448    0    0     0   556 39025 55759  4  8 88  0  0
 3  0      0 109598648 10433552 232079856    0    0     0  1508 40579 59317  5  7 89  0  0
 8  0      0 109622400 10433552 232080112    0    0    48  2536 44599 74492  5  7 88  0  0
 2  0      0 109555440 10433552 232082144    0    0     0   720 45252 73871  7  6 86  0  0
 5  0      0 109510688 10433552 232082800    0    0     0  3300 44609 66321  4  6 90  0  0
 4  0      0 109416136 10433552 232080048    0    0     0  5604 37642 64113  4  7 90  0  0
 3  0      0 109453992 10433552 232081344    0    0     0   716 38700 60476  3  7 90  0  0
 6  0      0 109469072 10433552 232081728    0    0     0  1560 42394 71003  4  7 89  0  0
 4  0      0 109433032 10433552 232084288    0    0     0  1020 39318 63481  5  7 88  0  0
 3  0      0 109446552 10433552 232086016    0    0     0   596 41913 60222  4  7 89  0  0
procs -----------memory---------- ---swap-- -----io---- -system-- ------cpu-----
 r  b   swpd   free   buff  cache   si   so    bi    bo   in   cs us sy id wa st
 3  0      0 109507616 10433552 232087792    0    0     0  2324 38536 58367  3  5 91  0  0
 5  0      0 109529776 10433552 232088032    0    0     0  1176 38224 60436  4  6 91  0  0
 5  0      0 109580816 10433552 232085760    0    0     0  7096 40194 67888  4  7 89  0  0
 3  0      0 109546592 10433552 232085088    0    0     0  1044 44677 71012  5  7 88  0  0
 4  0      0 109579576 10433552 232085808    0    0     0   540 34276 53069  3  6 91  0  0
 3  0      0 109550096 10433552 232088400    0    0     0   580 41091 68099  4  5 91  0  0
 3  0      0 109497648 10433552 232090048    0    0    52   924 44865 71093  3  5 91  0  0
 2  0      0 109557792 10433552 232091104    0    0     0  4520 34717 56549  4  5 92  0  0
 4  0      0 109511520 10433552 232091760    0    0     0  2964 36391 49662  3  6 91  0  0
