TS 1776789801.009025316 2026-04-21 16:43:21
 259       0 nvme0n1 25218 34922 488418 4449 17 13 240 0 0 2896 4450 0 0 0 0 0 0
 259       1 nvme0n1p1 25103 34922 484866 4444 17 13 240 0 0 2998 4444 0 0 0 0 0 0
   8      16 sdb 98924 139534 9965891 73674 2179844 1028316 142288056 1061144 0 240579 1182489 0 0 0 0 1059152 47670
   8      17 sdb1 98792 139534 9960763 73656 2179844 1028316 142288056 1061144 0 251871 1134801 0 0 0 0 0 0
   8       0 sda 2697745 1136118 451537860 40064308 553914668 197162958 8814477258 373872049 0 19349606 413936358 0 0 0 0 0 0
   8       1 sda1 65 0 520 53 0 0 0 0 0 55 53 0 0 0 0 0 0
   8       2 sda2 911 1178 333703 10104 75 0 82 24 0 1482 10129 0 0 0 0 0 0
   8       3 sda3 15872 1 1510065 49229 208 15 7896 15 0 19133 49244 0 0 0 0 0 0
   8       4 sda4 501237 645 167491958 15567300 4226301 359560 118068776 1513367 0 3968332 17080667 0 0 0 0 0 0
   8       5 sda5 84 0 6240 214 0 0 0 0 0 206 214 0 0 0 0 0 0
   8       6 sda6 2179491 1134294 282192070 24437131 549688084 196803383 8696400504 372358642 0 22403104 396795773 0 0 0 0 0 0
 253       0 dm-0 260060 0 166987185 9817538 4526173 0 118068776 2331406 0 10285204 12148944 0 0 0 0 0 0
 253       1 dm-1 3312055 0 282189368 46811145 746491467 0 8696400504 1661469098 0 24214340 1708280243 0 0 0 0 0 0
   7       0 loop0 1987 0 11616 365 0 0 0 0 0 310 365 0 0 0 0 0 0
   7       2 loop2 2570 0 14810 378 0 0 0 0 0 278 378 0 0 0 0 0 0
   7       1 loop1 2790 0 20628 829 0 0 0 0 0 814 829 0 0 0 0 0 0
   7       3 loop3 1972 0 11600 357 0 0 0 0 0 262 357 0 0 0 0 0 0
   7       4 loop4 598 0 4686 954 0 0 0 0 0 344 954 0 0 0 0 0 0
   7       5 loop5 1000 0 33472 1101 0 0 0 0 0 1005 1101 0 0 0 0 0 0
   7       6 loop6 73 0 828 192 0 0 0 0 0 165 192 0 0 0 0 0 0
   7       7 loop7 104 0 3142 285 0 0 0 0 0 284 285 0 0 0 0 0 0
   7       8 loop8 39 0 258 93 0 0 0 0 0 88 93 0 0 0 0 0 0
   7       9 loop9 116 0 6708 261 0 0 0 0 0 238 261 0 0 0 0 0 0
 253       2 dm-2 236599 0 9958082 445686 3208160 0 142288056 332101447 0 268168 332547133 0 0 0 0 0 0
   7      10 loop10 69 0 2434 2 0 0 0 0 0 2 2 0 0 0 0 0 0
   7      11 loop11 11 0 28 0 0 0 0 0 0 0 0 0 0 0 0 0 0
TS 1776789802.009369694 2026-04-21 16:43:22
 259       0 nvme0n1 25218 34922 488418 4449 17 13 240 0 0 2896 4450 0 0 0 0 0 0
 259       1 nvme0n1p1 25103 34922 484866 4444 17 13 240 0 0 2998 4444 0 0 0 0 0 0
   8      16 sdb 98924 139534 9965891 73674 2179844 1028316 142288056 1061144 0 240579 1182489 0 0 0 0 1059152 47670
   8      17 sdb1 98792 139534 9960763 73656 2179844 1028316 142288056 1061144 0 251871 1134801 0 0 0 0 0 0
   8       0 sda 2697745 1136118 451537860 40064308 553914792 197163042 8814479778 373872078 0 19349608 413936387 0 0 0 0 0 0
   8       1 sda1 65 0 520 53 0 0 0 0 0 55 53 0 0 0 0 0 0
   8       2 sda2 911 1178 333703 10104 75 0 82 24 0 1482 10129 0 0 0 0 0 0
   8       3 sda3 15872 1 1510065 49229 208 15 7896 15 0 19133 49244 0 0 0 0 0 0
   8       4 sda4 501237 645 167491958 15567300 4226317 359560 118069024 1513367 0 3968333 17080668 0 0 0 0 0 0
   8       5 sda5 84 0 6240 214 0 0 0 0 0 206 214 0 0 0 0 0 0
   8       6 sda6 2179491 1134294 282192070 24437131 549688196 196803467 8696402800 372358670 0 22403105 396795802 0 0 0 0 0 0
 253       0 dm-0 260060 0 166987185 9817538 4526189 0 118069024 2331409 0 10285205 12148947 0 0 0 0 0 0
 253       1 dm-1 3312055 0 282189368 46811145 746491663 0 8696402800 1661469222 0 24214341 1708280367 0 0 0 0 0 0
   7       0 loop0 1987 0 11616 365 0 0 0 0 0 310 365 0 0 0 0 0 0
   7       2 loop2 2570 0 14810 378 0 0 0 0 0 278 378 0 0 0 0 0 0
   7       1 loop1 2790 0 20628 829 0 0 0 0 0 814 829 0 0 0 0 0 0
   7       3 loop3 1972 0 11600 357 0 0 0 0 0 262 357 0 0 0 0 0 0
   7       4 loop4 598 0 4686 954 0 0 0 0 0 344 954 0 0 0 0 0 0
   7       5 loop5 1000 0 33472 1101 0 0 0 0 0 1005 1101 0 0 0 0 0 0
   7       6 loop6 73 0 828 192 0 0 0 0 0 165 192 0 0 0 0 0 0
   7       7 loop7 104 0 3142 285 0 0 0 0 0 284 285 0 0 0 0 0 0
   7       8 loop8 39 0 258 93 0 0 0 0 0 88 93 0 0 0 0 0 0
   7       9 loop9 116 0 6708 261 0 0 0 0 0 238 261 0 0 0 0 0 0
 253       2 dm-2 236599 0 9958082 445686 3208160 0 142288056 332101447 0 268168 332547133 0 0 0 0 0 0
   7      10 loop10 69 0 2434 2 0 0 0 0 0 2 2 0 0 0 0 0 0
   7      11 loop11 11 0 28 0 0 0 0 0 0 0 0 0 0 0 0 0 0
TS 1776789803.009183520 2026-04-21 16:43:23
 259       0 nvme0n1 25218 34922 488418 4449 17 13 240 0 0 2896 4450 0 0 0 0 0 0
 259       1 nvme0n1p1 25103 34922 484866 4444 17 13 240 0 0 2998 4444 0 0 0 0 0 0
   8      16 sdb 98924 139534 9965891 73674 2179844 1028316 142288056 1061144 0 240579 1182489 0 0 0 0 1059152 47670
   8      17 sdb1 98792 139534 9960763 73656 2179844 1028316 142288056 1061144 0 251871 1134801 0 0 0 0 0 0
   8       0 sda 2697745 1136118 451537860 40064308 553915085 197163224 8814488594 373872099 0 19349612 413936408 0 0 0 0 0 0
   8       1 sda1 65 0 520 53 0 0 0 0 0 55 53 0 0 0 0 0 0
   8       2 sda2 911 1178 333703 10104 75 0 82 24 0 1482 10129 0 0 0 0 0 0
   8       3 sda3 15872 1 1510065 49229 208 15 7896 15 0 19133 49244 0 0 0 0 0 0
   8       4 sda4 501237 645 167491958 15567300 4226331 359560 118069256 1513368 0 3968333 17080668 0 0 0 0 0 0
   8       5 sda5 84 0 6240 214 0 0 0 0 0 206 214 0 0 0 0 0 0
   8       6 sda6 2179491 1134294 282192070 24437131 549688471 196803649 8696411360 372358691 0 22403108 396795822 0 0 0 0 0 0
 253       0 dm-0 260060 0 166987185 9817538 4526203 0 118069256 2331409 0 10285205 12148947 0 0 0 0 0 0
 253       1 dm-1 3312055 0 282189368 46811145 746492120 0 8696411360 1661469260 0 24214346 1708280405 0 0 0 0 0 0
   7       0 loop0 1987 0 11616 365 0 0 0 0 0 310 365 0 0 0 0 0 0
   7       2 loop2 2570 0 14810 378 0 0 0 0 0 278 378 0 0 0 0 0 0
   7       1 loop1 2790 0 20628 829 0 0 0 0 0 814 829 0 0 0 0 0 0
   7       3 loop3 1972 0 11600 357 0 0 0 0 0 262 357 0 0 0 0 0 0
   7       4 loop4 598 0 4686 954 0 0 0 0 0 344 954 0 0 0 0 0 0
   7       5 loop5 1000 0 33472 1101 0 0 0 0 0 1005 1101 0 0 0 0 0 0
   7       6 loop6 73 0 828 192 0 0 0 0 0 165 192 0 0 0 0 0 0
   7       7 loop7 104 0 3142 285 0 0 0 0 0 284 285 0 0 0 0 0 0
   7       8 loop8 39 0 258 93 0 0 0 0 0 88 93 0 0 0 0 0 0
   7       9 loop9 116 0 6708 261 0 0 0 0 0 238 261 0 0 0 0 0 0
 253       2 dm-2 236599 0 9958082 445686 3208160 0 142288056 332101447 0 268168 332547133 0 0 0 0 0 0
   7      10 loop10 69 0 2434 2 0 0 0 0 0 2 2 0 0 0 0 0 0
   7      11 loop11 11 0 28 0 0 0 0 0 0 0 0 0 0 0 0 0 0
TS 1776789804.009260629 2026-04-21 16:43:24
 259       0 nvme0n1 25218 34922 488418 4449 17 13 240 0 0 2896 4450 0 0 0 0 0 0
 259       1 nvme0n1p1 25103 34922 484866 4444 17 13 240 0 0 2998 4444 0 0 0 0 0 0
   8      16 sdb 98924 139534 9965891 73674 2179850 1028322 142288144 1061145 0 240580 1182490 0 0 0 0 1059155 47670
   8      17 sdb1 98792 139534 9960763 73656 2179850 1028322 142288144 1061145 0 251872 1134802 0 0 0 0 0 0
   8       0 sda 2697745 1136118 451537860 40064308 553915129 197163236 8814489738 373872102 0 19349613 413936410 0 0 0 0 0 0
   8       1 sda1 65 0 520 53 0 0 0 0 0 55 53 0 0 0 0 0 0
   8       2 sda2 911 1178 333703 10104 75 0 82 24 0 1482 10129 0 0 0 0 0 0
   8       3 sda3 15872 1 1510065 49229 208 15 7896 15 0 19133 49244 0 0 0 0 0 0
   8       4 sda4 501237 645 167491958 15567300 4226345 359560 118069496 1513368 0 3968333 17080669 0 0 0 0 0 0
   8       5 sda5 84 0 6240 214 0 0 0 0 0 206 214 0 0 0 0 0 0
   8       6 sda6 2179491 1134294 282192070 24437131 549688501 196803661 8696412264 372358693 0 22403109 396795824 0 0 0 0 0 0
 253       0 dm-0 260060 0 166987185 9817538 4526217 0 118069496 2331409 0 10285205 12148947 0 0 0 0 0 0
 253       1 dm-1 3312055 0 282189368 46811145 746492162 0 8696412264 1661469261 0 24214347 1708280406 0 0 0 0 0 0
   7       0 loop0 1987 0 11616 365 0 0 0 0 0 310 365 0 0 0 0 0 0
   7       2 loop2 2570 0 14810 378 0 0 0 0 0 278 378 0 0 0 0 0 0
   7       1 loop1 2790 0 20628 829 0 0 0 0 0 814 829 0 0 0 0 0 0
   7       3 loop3 1972 0 11600 357 0 0 0 0 0 262 357 0 0 0 0 0 0
   7       4 loop4 598 0 4686 954 0 0 0 0 0 344 954 0 0 0 0 0 0
   7       5 loop5 1000 0 33472 1101 0 0 0 0 0 1005 1101 0 0 0 0 0 0
   7       6 loop6 73 0 828 192 0 0 0 0 0 165 192 0 0 0 0 0 0
   7       7 loop7 104 0 3142 285 0 0 0 0 0 284 285 0 0 0 0 0 0
   7       8 loop8 39 0 258 93 0 0 0 0 0 88 93 0 0 0 0 0 0
   7       9 loop9 116 0 6708 261 0 0 0 0 0 238 261 0 0 0 0 0 0
 253       2 dm-2 236599 0 9958082 445686 3208172 0 142288144 332101457 0 268169 332547143 0 0 0 0 0 0
   7      10 loop10 69 0 2434 2 0 0 0 0 0 2 2 0 0 0 0 0 0
   7      11 loop11 11 0 28 0 0 0 0 0 0 0 0 0 0 0 0 0 0
TS 1776789805.009297902 2026-04-21 16:43:25
 259       0 nvme0n1 25218 34922 488418 4449 17 13 240 0 0 2896 4450 0 0 0 0 0 0
 259       1 nvme0n1p1 25103 34922 484866 4444 17 13 240 0 0 2998 4444 0 0 0 0 0 0
   8      16 sdb 98924 139534 9965891 73674 2179850 1028322 142288144 1061145 0 240580 1182490 0 0 0 0 1059155 47670
   8      17 sdb1 98792 139534 9960763 73656 2179850 1028322 142288144 1061145 0 251872 1134802 0 0 0 0 0 0
   8       0 sda 2697745 1136118 451537860 40064308 553915412 197163397 8814495530 373872216 0 19349615 413936524 0 0 0 0 0 0
   8       1 sda1 65 0 520 53 0 0 0 0 0 55 53 0 0 0 0 0 0
   8       2 sda2 911 1178 333703 10104 75 0 82 24 0 1482 10129 0 0 0 0 0 0
   8       3 sda3 15872 1 1510065 49229 208 15 7896 15 0 19133 49244 0 0 0 0 0 0
   8       4 sda4 501237 645 167491958 15567300 4226359 359560 118069728 1513369 0 3968334 17080669 0 0 0 0 0 0
   8       5 sda5 84 0 6240 214 0 0 0 0 0 206 214 0 0 0 0 0 0
   8       6 sda6 2179491 1134294 282192070 24437131 549688770 196803822 8696417824 372358806 0 22403112 396795937 0 0 0 0 0 0
 253       0 dm-0 260060 0 166987185 9817538 4526231 0 118069728 2331410 0 10285206 12148948 0 0 0 0 0 0
 253       1 dm-1 3312055 0 282189368 46811145 746492592 0 8696417824 1661469520 0 24214350 1708280665 0 0 0 0 0 0
   7       0 loop0 1987 0 11616 365 0 0 0 0 0 310 365 0 0 0 0 0 0
   7       2 loop2 2570 0 14810 378 0 0 0 0 0 278 378 0 0 0 0 0 0
   7       1 loop1 2790 0 20628 829 0 0 0 0 0 814 829 0 0 0 0 0 0
   7       3 loop3 1972 0 11600 357 0 0 0 0 0 262 357 0 0 0 0 0 0
   7       4 loop4 598 0 4686 954 0 0 0 0 0 344 954 0 0 0 0 0 0
   7       5 loop5 1000 0 33472 1101 0 0 0 0 0 1005 1101 0 0 0 0 0 0
   7       6 loop6 73 0 828 192 0 0 0 0 0 165 192 0 0 0 0 0 0
   7       7 loop7 104 0 3142 285 0 0 0 0 0 284 285 0 0 0 0 0 0
   7       8 loop8 39 0 258 93 0 0 0 0 0 88 93 0 0 0 0 0 0
   7       9 loop9 116 0 6708 261 0 0 0 0 0 238 261 0 0 0 0 0 0
 253       2 dm-2 236599 0 9958082 445686 3208172 0 142288144 332101457 0 268169 332547143 0 0 0 0 0 0
   7      10 loop10 69 0 2434 2 0 0 0 0 0 2 2 0 0 0 0 0 0
   7      11 loop11 11 0 28 0 0 0 0 0 0 0 0 0 0 0 0 0 0
TS 1776789806.009210651 2026-04-21 16:43:26
 259       0 nvme0n1 25218 34922 488418 4449 17 13 240 0 0 2896 4450 0 0 0 0 0 0
 259       1 nvme0n1p1 25103 34922 484866 4444 17 13 240 0 0 2998 4444 0 0 0 0 0 0
   8      16 sdb 98924 139534 9965891 73674 2179850 1028322 142288144 1061145 0 240580 1182490 0 0 0 0 1059155 47670
   8      17 sdb1 98792 139534 9960763 73656 2179850 1028322 142288144 1061145 0 251872 1134802 0 0 0 0 0 0
   8       0 sda 2697745 1136118 451537860 40064308 553915558 197163733 8814500314 373872239 0 19349617 413936548 0 0 0 0 0 0
   8       1 sda1 65 0 520 53 0 0 0 0 0 55 53 0 0 0 0 0 0
   8       2 sda2 911 1178 333703 10104 75 0 82 24 0 1482 10129 0 0 0 0 0 0
   8       3 sda3 15872 1 1510065 49229 208 15 7896 15 0 19133 49244 0 0 0 0 0 0
   8       4 sda4 501237 645 167491958 15567300 4226394 359560 118070144 1513375 0 3968335 17080675 0 0 0 0 0 0
   8       5 sda5 84 0 6240 214 0 0 0 0 0 206 214 0 0 0 0 0 0
   8       6 sda6 2179491 1134294 282192070 24437131 549688881 196804158 8696422192 372358824 0 22403113 396795955 0 0 0 0 0 0
 253       0 dm-0 260060 0 166987185 9817538 4526266 0 118070144 2331411 0 10285207 12148949 0 0 0 0 0 0
 253       1 dm-1 3312055 0 282189368 46811145 746493039 0 8696422192 1661469556 0 24214351 1708280701 0 0 0 0 0 0
   7       0 loop0 1987 0 11616 365 0 0 0 0 0 310 365 0 0 0 0 0 0
   7       2 loop2 2570 0 14810 378 0 0 0 0 0 278 378 0 0 0 0 0 0
   7       1 loop1 2790 0 20628 829 0 0 0 0 0 814 829 0 0 0 0 0 0
   7       3 loop3 1972 0 11600 357 0 0 0 0 0 262 357 0 0 0 0 0 0
   7       4 loop4 598 0 4686 954 0 0 0 0 0 344 954 0 0 0 0 0 0
   7       5 loop5 1000 0 33472 1101 0 0 0 0 0 1005 1101 0 0 0 0 0 0
   7       6 loop6 73 0 828 192 0 0 0 0 0 165 192 0 0 0 0 0 0
   7       7 loop7 104 0 3142 285 0 0 0 0 0 284 285 0 0 0 0 0 0
   7       8 loop8 39 0 258 93 0 0 0 0 0 88 93 0 0 0 0 0 0
   7       9 loop9 116 0 6708 261 0 0 0 0 0 238 261 0 0 0 0 0 0
 253       2 dm-2 236599 0 9958082 445686 3208172 0 142288144 332101457 0 268169 332547143 0 0 0 0 0 0
   7      10 loop10 69 0 2434 2 0 0 0 0 0 2 2 0 0 0 0 0 0
   7      11 loop11 11 0 28 0 0 0 0 0 0 0 0 0 0 0 0 0 0
TS 1776789807.009219629 2026-04-21 16:43:27
 259       0 nvme0n1 25218 34922 488418 4449 17 13 240 0 0 2896 4450 0 0 0 0 0 0
 259       1 nvme0n1p1 25103 34922 484866 4444 17 13 240 0 0 2998 4444 0 0 0 0 0 0
   8      16 sdb 98924 139534 9965891 73674 2179850 1028322 142288144 1061145 0 240580 1182490 0 0 0 0 1059155 47670
   8      17 sdb1 98792 139534 9960763 73656 2179850 1028322 142288144 1061145 0 251872 1134802 0 0 0 0 0 0
   8       0 sda 2697745 1136118 451537860 40064308 553915607 197163762 8814501906 373872242 0 19349617 413936551 0 0 0 0 0 0
   8       1 sda1 65 0 520 53 0 0 0 0 0 55 53 0 0 0 0 0 0
   8       2 sda2 911 1178 333703 10104 75 0 82 24 0 1482 10129 0 0 0 0 0 0
   8       3 sda3 15872 1 1510065 49229 208 15 7896 15 0 19133 49244 0 0 0 0 0 0
   8       4 sda4 501237 645 167491958 15567300 4226408 359560 118070368 1513375 0 3968336 17080676 0 0 0 0 0 0
   8       5 sda5 84 0 6240 214 0 0 0 0 0 206 214 0 0 0 0 0 0
   8       6 sda6 2179491 1134294 282192070 24437131 549688916 196804187 8696423560 372358826 0 22403113 396795958 0 0 0 0 0 0
 253       0 dm-0 260060 0 166987185 9817538 4526280 0 118070368 2331412 0 10285208 12148950 0 0 0 0 0 0
 253       1 dm-1 3312055 0 282189368 46811145 746493103 0 8696423560 1661469557 0 24214352 1708280702 0 0 0 0 0 0
   7       0 loop0 1987 0 11616 365 0 0 0 0 0 310 365 0 0 0 0 0 0
   7       2 loop2 2570 0 14810 378 0 0 0 0 0 278 378 0 0 0 0 0 0
   7       1 loop1 2790 0 20628 829 0 0 0 0 0 814 829 0 0 0 0 0 0
   7       3 loop3 1972 0 11600 357 0 0 0 0 0 262 357 0 0 0 0 0 0
   7       4 loop4 598 0 4686 954 0 0 0 0 0 344 954 0 0 0 0 0 0
   7       5 loop5 1000 0 33472 1101 0 0 0 0 0 1005 1101 0 0 0 0 0 0
   7       6 loop6 73 0 828 192 0 0 0 0 0 165 192 0 0 0 0 0 0
   7       7 loop7 104 0 3142 285 0 0 0 0 0 284 285 0 0 0 0 0 0
   7       8 loop8 39 0 258 93 0 0 0 0 0 88 93 0 0 0 0 0 0
   7       9 loop9 116 0 6708 261 0 0 0 0 0 238 261 0 0 0 0 0 0
 253       2 dm-2 236599 0 9958082 445686 3208172 0 142288144 332101457 0 268169 332547143 0 0 0 0 0 0
   7      10 loop10 69 0 2434 2 0 0 0 0 0 2 2 0 0 0 0 0 0
   7      11 loop11 11 0 28 0 0 0 0 0 0 0 0 0 0 0 0 0 0
TS 1776789808.009059430 2026-04-21 16:43:28
 259       0 nvme0n1 25218 34922 488418 4449 17 13 240 0 0 2896 4450 0 0 0 0 0 0
 259       1 nvme0n1p1 25103 34922 484866 4444 17 13 240 0 0 2998 4444 0 0 0 0 0 0
   8      16 sdb 98924 139534 9965891 73674 2179850 1028322 142288144 1061145 0 240580 1182490 0 0 0 0 1059155 47670
   8      17 sdb1 98792 139534 9960763 73656 2179850 1028322 142288144 1061145 0 251872 1134802 0 0 0 0 0 0
   8       0 sda 2697755 1136118 451537940 40064308 553916022 197164089 8814509106 373872262 0 19349621 413936571 0 0 0 0 0 0
   8       1 sda1 65 0 520 53 0 0 0 0 0 55 53 0 0 0 0 0 0
   8       2 sda2 911 1178 333703 10104 75 0 82 24 0 1482 10129 0 0 0 0 0 0
   8       3 sda3 15872 1 1510065 49229 208 15 7896 15 0 19133 49244 0 0 0 0 0 0
   8       4 sda4 501237 645 167491958 15567300 4226422 359560 118070600 1513376 0 3968336 17080676 0 0 0 0 0 0
   8       5 sda5 84 0 6240 214 0 0 0 0 0 206 214 0 0 0 0 0 0
   8       6 sda6 2179501 1134294 282192150 24437131 549689317 196804514 8696430528 372358845 0 22403119 396795977 0 0 0 0 0 0
 253       0 dm-0 260060 0 166987185 9817538 4526294 0 118070600 2331412 0 10285208 12148950 0 0 0 0 0 0
 253       1 dm-1 3312065 0 282189448 46811145 746493831 0 8696430528 1661469659 0 24214360 1708280804 0 0 0 0 0 0
   7       0 loop0 1987 0 11616 365 0 0 0 0 0 310 365 0 0 0 0 0 0
   7       2 loop2 2570 0 14810 378 0 0 0 0 0 278 378 0 0 0 0 0 0
   7       1 loop1 2790 0 20628 829 0 0 0 0 0 814 829 0 0 0 0 0 0
   7       3 loop3 1972 0 11600 357 0 0 0 0 0 262 357 0 0 0 0 0 0
   7       4 loop4 598 0 4686 954 0 0 0 0 0 344 954 0 0 0 0 0 0
   7       5 loop5 1000 0 33472 1101 0 0 0 0 0 1005 1101 0 0 0 0 0 0
   7       6 loop6 73 0 828 192 0 0 0 0 0 165 192 0 0 0 0 0 0
   7       7 loop7 104 0 3142 285 0 0 0 0 0 284 285 0 0 0 0 0 0
   7       8 loop8 39 0 258 93 0 0 0 0 0 88 93 0 0 0 0 0 0
   7       9 loop9 116 0 6708 261 0 0 0 0 0 238 261 0 0 0 0 0 0
 253       2 dm-2 236599 0 9958082 445686 3208172 0 142288144 332101457 0 268169 332547143 0 0 0 0 0 0
   7      10 loop10 69 0 2434 2 0 0 0 0 0 2 2 0 0 0 0 0 0
   7      11 loop11 11 0 28 0 0 0 0 0 0 0 0 0 0 0 0 0 0
TS 1776789809.009225605 2026-04-21 16:43:29
 259       0 nvme0n1 25218 34922 488418 4449 17 13 240 0 0 2896 4450 0 0 0 0 0 0
 259       1 nvme0n1p1 25103 34922 484866 4444 17 13 240 0 0 2998 4444 0 0 0 0 0 0
   8      16 sdb 98924 139534 9965891 73674 2179854 1028324 142288184 1061145 0 240581 1182490 0 0 0 0 1059158 47670
   8      17 sdb1 98792 139534 9960763 73656 2179854 1028324 142288184 1061145 0 251873 1134802 0 0 0 0 0 0
   8       0 sda 2697755 1136118 451537940 40064308 553916162 197164152 8814515386 373872287 0 19349624 413936596 0 0 0 0 0 0
   8       1 sda1 65 0 520 53 0 0 0 0 0 55 53 0 0 0 0 0 0
   8       2 sda2 911 1178 333703 10104 75 0 82 24 0 1482 10129 0 0 0 0 0 0
   8       3 sda3 15872 1 1510065 49229 208 15 7896 15 0 19133 49244 0 0 0 0 0 0
   8       4 sda4 501237 645 167491958 15567300 4226436 359560 118070824 1513376 0 3968337 17080677 0 0 0 0 0 0
   8       5 sda5 84 0 6240 214 0 0 0 0 0 206 214 0 0 0 0 0 0
   8       6 sda6 2179501 1134294 282192150 24437131 549689443 196804577 8696436584 372358870 0 22403121 396796002 0 0 0 0 0 0
 253       0 dm-0 260060 0 166987185 9817538 4526308 0 118070824 2331413 0 10285209 12148951 0 0 0 0 0 0
 253       1 dm-1 3312065 0 282189448 46811145 746494020 0 8696436584 1661469686 0 24214362 1708280831 0 0 0 0 0 0
   7       0 loop0 1987 0 11616 365 0 0 0 0 0 310 365 0 0 0 0 0 0
   7       2 loop2 2570 0 14810 378 0 0 0 0 0 278 378 0 0 0 0 0 0
   7       1 loop1 2790 0 20628 829 0 0 0 0 0 814 829 0 0 0 0 0 0
   7       3 loop3 1972 0 11600 357 0 0 0 0 0 262 357 0 0 0 0 0 0
   7       4 loop4 598 0 4686 954 0 0 0 0 0 344 954 0 0 0 0 0 0
   7       5 loop5 1000 0 33472 1101 0 0 0 0 0 1005 1101 0 0 0 0 0 0
   7       6 loop6 73 0 828 192 0 0 0 0 0 165 192 0 0 0 0 0 0
   7       7 loop7 104 0 3142 285 0 0 0 0 0 284 285 0 0 0 0 0 0
   7       8 loop8 39 0 258 93 0 0 0 0 0 88 93 0 0 0 0 0 0
   7       9 loop9 116 0 6708 261 0 0 0 0 0 238 261 0 0 0 0 0 0
 253       2 dm-2 236599 0 9958082 445686 3208178 0 142288184 332101461 0 268170 332547147 0 0 0 0 0 0
   7      10 loop10 69 0 2434 2 0 0 0 0 0 2 2 0 0 0 0 0 0
   7      11 loop11 11 0 28 0 0 0 0 0 0 0 0 0 0 0 0 0 0
TS 1776789810.008998135 2026-04-21 16:43:30
 259       0 nvme0n1 25218 34922 488418 4449 17 13 240 0 0 2896 4450 0 0 0 0 0 0
 259       1 nvme0n1p1 25103 34922 484866 4444 17 13 240 0 0 2998 4444 0 0 0 0 0 0
   8      16 sdb 98924 139534 9965891 73674 2179854 1028324 142288184 1061145 0 240581 1182490 0 0 0 0 1059158 47670
   8      17 sdb1 98792 139534 9960763 73656 2179854 1028324 142288184 1061145 0 251873 1134802 0 0 0 0 0 0
   8       0 sda 2697755 1136118 451537940 40064308 553916235 197164203 8814517138 373872296 0 19349626 413936605 0 0 0 0 0 0
   8       1 sda1 65 0 520 53 0 0 0 0 0 55 53 0 0 0 0 0 0
   8       2 sda2 911 1178 333703 10104 75 0 82 24 0 1482 10129 0 0 0 0 0 0
   8       3 sda3 15872 1 1510065 49229 208 15 7896 15 0 19133 49244 0 0 0 0 0 0
   8       4 sda4 501237 645 167491958 15567300 4226453 359560 118071080 1513377 0 3968338 17080677 0 0 0 0 0 0
   8       5 sda5 84 0 6240 214 0 0 0 0 0 206 214 0 0 0 0 0 0
   8       6 sda6 2179501 1134294 282192150 24437131 549689499 196804628 8696438080 372358878 0 22403122 396796010 0 0 0 0 0 0
 253       0 dm-0 260060 0 166987185 9817538 4526325 0 118071080 2331414 0 10285210 12148952 0 0 0 0 0 0
 253       1 dm-1 3312065 0 282189448 46811145 746494127 0 8696438080 1661469690 0 24214365 1708280835 0 0 0 0 0 0
   7       0 loop0 1987 0 11616 365 0 0 0 0 0 310 365 0 0 0 0 0 0
   7       2 loop2 2570 0 14810 378 0 0 0 0 0 278 378 0 0 0 0 0 0
   7       1 loop1 2790 0 20628 829 0 0 0 0 0 814 829 0 0 0 0 0 0
   7       3 loop3 1972 0 11600 357 0 0 0 0 0 262 357 0 0 0 0 0 0
   7       4 loop4 598 0 4686 954 0 0 0 0 0 344 954 0 0 0 0 0 0
   7       5 loop5 1000 0 33472 1101 0 0 0 0 0 1005 1101 0 0 0 0 0 0
   7       6 loop6 73 0 828 192 0 0 0 0 0 165 192 0 0 0 0 0 0
   7       7 loop7 104 0 3142 285 0 0 0 0 0 284 285 0 0 0 0 0 0
   7       8 loop8 39 0 258 93 0 0 0 0 0 88 93 0 0 0 0 0 0
   7       9 loop9 116 0 6708 261 0 0 0 0 0 238 261 0 0 0 0 0 0
 253       2 dm-2 236599 0 9958082 445686 3208178 0 142288184 332101461 0 268170 332547147 0 0 0 0 0 0
   7      10 loop10 69 0 2434 2 0 0 0 0 0 2 2 0 0 0 0 0 0
   7      11 loop11 11 0 28 0 0 0 0 0 0 0 0 0 0 0 0 0 0
TS 1776789811.008742431 2026-04-21 16:43:31
 259       0 nvme0n1 25218 34922 488418 4449 17 13 240 0 0 2896 4450 0 0 0 0 0 0
 259       1 nvme0n1p1 25103 34922 484866 4444 17 13 240 0 0 2998 4444 0 0 0 0 0 0
   8      16 sdb 98924 139534 9965891 73674 2179854 1028324 142288184 1061145 0 240581 1182490 0 0 0 0 1059158 47670
   8      17 sdb1 98792 139534 9960763 73656 2179854 1028324 142288184 1061145 0 251873 1134802 0 0 0 0 0 0
   8       0 sda 2697755 1136118 451537940 40064308 553916566 197164687 8814528546 373872471 0 19349628 413936780 0 0 0 0 0 0
   8       1 sda1 65 0 520 53 0 0 0 0 0 55 53 0 0 0 0 0 0
   8       2 sda2 911 1178 333703 10104 75 0 82 24 0 1482 10129 0 0 0 0 0 0
   8       3 sda3 15872 1 1510065 49229 208 15 7896 15 0 19133 49244 0 0 0 0 0 0
   8       4 sda4 501237 645 167491958 15567300 4226467 359560 118071312 1513378 0 3968338 17080678 0 0 0 0 0 0
   8       5 sda5 84 0 6240 214 0 0 0 0 0 206 214 0 0 0 0 0 0
   8       6 sda6 2179501 1134294 282192150 24437131 549689816 196805112 8696449256 372359053 0 22403124 396796185 0 0 0 0 0 0
 253       0 dm-0 260060 0 166987185 9817538 4526339 0 118071312 2331414 0 10285210 12148952 0 0 0 0 0 0
 253       1 dm-1 3312065 0 282189448 46811145 746494928 0 8696449256 1661470311 0 24214367 1708281456 0 0 0 0 0 0
   7       0 loop0 1987 0 11616 365 0 0 0 0 0 310 365 0 0 0 0 0 0
   7       2 loop2 2570 0 14810 378 0 0 0 0 0 278 378 0 0 0 0 0 0
   7       1 loop1 2790 0 20628 829 0 0 0 0 0 814 829 0 0 0 0 0 0
   7       3 loop3 1972 0 11600 357 0 0 0 0 0 262 357 0 0 0 0 0 0
   7       4 loop4 598 0 4686 954 0 0 0 0 0 344 954 0 0 0 0 0 0
   7       5 loop5 1000 0 33472 1101 0 0 0 0 0 1005 1101 0 0 0 0 0 0
   7       6 loop6 73 0 828 192 0 0 0 0 0 165 192 0 0 0 0 0 0
   7       7 loop7 104 0 3142 285 0 0 0 0 0 284 285 0 0 0 0 0 0
   7       8 loop8 39 0 258 93 0 0 0 0 0 88 93 0 0 0 0 0 0
   7       9 loop9 116 0 6708 261 0 0 0 0 0 238 261 0 0 0 0 0 0
 253       2 dm-2 236599 0 9958082 445686 3208178 0 142288184 332101461 0 268170 332547147 0 0 0 0 0 0
   7      10 loop10 69 0 2434 2 0 0 0 0 0 2 2 0 0 0 0 0 0
   7      11 loop11 11 0 28 0 0 0 0 0 0 0 0 0 0 0 0 0 0
TS 1776789812.008985963 2026-04-21 16:43:32
 259       0 nvme0n1 25218 34922 488418 4449 17 13 240 0 0 2896 4450 0 0 0 0 0 0
 259       1 nvme0n1p1 25103 34922 484866 4444 17 13 240 0 0 2998 4444 0 0 0 0 0 0
   8      16 sdb 98924 139534 9965891 73674 2179854 1028324 142288184 1061145 0 240581 1182490 0 0 0 0 1059158 47670
   8      17 sdb1 98792 139534 9960763 73656 2179854 1028324 142288184 1061145 0 251873 1134802 0 0 0 0 0 0
   8       0 sda 2697755 1136118 451537940 40064308 553916616 197164725 8814529674 373872476 0 19349628 413936784 0 0 0 0 0 0
   8       1 sda1 65 0 520 53 0 0 0 0 0 55 53 0 0 0 0 0 0
   8       2 sda2 911 1178 333703 10104 75 0 82 24 0 1482 10129 0 0 0 0 0 0
   8       3 sda3 15872 1 1510065 49229 208 15 7896 15 0 19133 49244 0 0 0 0 0 0
   8       4 sda4 501237 645 167491958 15567300 4226484 359560 118071568 1513378 0 3968338 17080679 0 0 0 0 0 0
   8       5 sda5 84 0 6240 214 0 0 0 0 0 206 214 0 0 0 0 0 0
   8       6 sda6 2179501 1134294 282192150 24437131 549689849 196805150 8696450128 372359057 0 22403125 396796188 0 0 0 0 0 0
 253       0 dm-0 260060 0 166987185 9817538 4526356 0 118071568 2331414 0 10285210 12148952 0 0 0 0 0 0
 253       1 dm-1 3312065 0 282189448 46811145 746494999 0 8696450128 1661470367 0 24214368 1708281512 0 0 0 0 0 0
   7       0 loop0 1987 0 11616 365 0 0 0 0 0 310 365 0 0 0 0 0 0
   7       2 loop2 2570 0 14810 378 0 0 0 0 0 278 378 0 0 0 0 0 0
   7       1 loop1 2790 0 20628 829 0 0 0 0 0 814 829 0 0 0 0 0 0
   7       3 loop3 1972 0 11600 357 0 0 0 0 0 262 357 0 0 0 0 0 0
   7       4 loop4 598 0 4686 954 0 0 0 0 0 344 954 0 0 0 0 0 0
   7       5 loop5 1000 0 33472 1101 0 0 0 0 0 1005 1101 0 0 0 0 0 0
   7       6 loop6 73 0 828 192 0 0 0 0 0 165 192 0 0 0 0 0 0
   7       7 loop7 104 0 3142 285 0 0 0 0 0 284 285 0 0 0 0 0 0
   7       8 loop8 39 0 258 93 0 0 0 0 0 88 93 0 0 0 0 0 0
   7       9 loop9 116 0 6708 261 0 0 0 0 0 238 261 0 0 0 0 0 0
 253       2 dm-2 236599 0 9958082 445686 3208178 0 142288184 332101461 0 268170 332547147 0 0 0 0 0 0
   7      10 loop10 69 0 2434 2 0 0 0 0 0 2 2 0 0 0 0 0 0
   7      11 loop11 11 0 28 0 0 0 0 0 0 0 0 0 0 0 0 0 0
TS 1776789813.009238864 2026-04-21 16:43:33
 259       0 nvme0n1 25218 34922 488418 4449 17 13 240 0 0 2896 4450 0 0 0 0 0 0
 259       1 nvme0n1p1 25103 34922 484866 4444 17 13 240 0 0 2998 4444 0 0 0 0 0 0
   8      16 sdb 98924 139534 9965891 73674 2179854 1028324 142288184 1061145 0 240581 1182490 0 0 0 0 1059158 47670
   8      17 sdb1 98792 139534 9960763 73656 2179854 1028324 142288184 1061145 0 251873 1134802 0 0 0 0 0 0
   8       0 sda 2697767 1136118 451538036 40064309 553917007 197164951 8814536642 373872499 0 19349635 413936808 0 0 0 0 0 0
   8       1 sda1 65 0 520 53 0 0 0 0 0 55 53 0 0 0 0 0 0
   8       2 sda2 911 1178 333703 10104 75 0 82 24 0 1482 10129 0 0 0 0 0 0
   8       3 sda3 15872 1 1510065 49229 208 15 7896 15 0 19133 49244 0 0 0 0 0 0
   8       4 sda4 501237 645 167491958 15567300 4226498 359560 118071800 1513379 0 3968338 17080679 0 0 0 0 0 0
   8       5 sda5 84 0 6240 214 0 0 0 0 0 206 214 0 0 0 0 0 0
   8       6 sda6 2179513 1134294 282192246 24437132 549690226 196805376 8696456864 372359079 0 22403132 396796211 0 0 0 0 0 0
 253       0 dm-0 260060 0 166987185 9817538 4526370 0 118071800 2331414 0 10285210 12148952 0 0 0 0 0 0
 253       1 dm-1 3312077 0 282189544 46811145 746495602 0 8696456864 1661470455 0 24214377 1708281600 0 0 0 0 0 0
   7       0 loop0 1987 0 11616 365 0 0 0 0 0 310 365 0 0 0 0 0 0
   7       2 loop2 2570 0 14810 378 0 0 0 0 0 278 378 0 0 0 0 0 0
   7       1 loop1 2790 0 20628 829 0 0 0 0 0 814 829 0 0 0 0 0 0
   7       3 loop3 1972 0 11600 357 0 0 0 0 0 262 357 0 0 0 0 0 0
   7       4 loop4 598 0 4686 954 0 0 0 0 0 344 954 0 0 0 0 0 0
   7       5 loop5 1000 0 33472 1101 0 0 0 0 0 1005 1101 0 0 0 0 0 0
   7       6 loop6 73 0 828 192 0 0 0 0 0 165 192 0 0 0 0 0 0
   7       7 loop7 104 0 3142 285 0 0 0 0 0 284 285 0 0 0 0 0 0
   7       8 loop8 39 0 258 93 0 0 0 0 0 88 93 0 0 0 0 0 0
   7       9 loop9 116 0 6708 261 0 0 0 0 0 238 261 0 0 0 0 0 0
 253       2 dm-2 236599 0 9958082 445686 3208178 0 142288184 332101461 0 268170 332547147 0 0 0 0 0 0
   7      10 loop10 69 0 2434 2 0 0 0 0 0 2 2 0 0 0 0 0 0
   7      11 loop11 11 0 28 0 0 0 0 0 0 0 0 0 0 0 0 0 0
TS 1776789814.009598055 2026-04-21 16:43:34
 259       0 nvme0n1 25218 34922 488418 4449 17 13 240 0 0 2896 4450 0 0 0 0 0 0
 259       1 nvme0n1p1 25103 34922 484866 4444 17 13 240 0 0 2998 4444 0 0 0 0 0 0
   8      16 sdb 98924 139534 9965891 73674 2179857 1028327 142288224 1061146 0 240582 1182491 0 0 0 0 1059161 47670
   8      17 sdb1 98792 139534 9960763 73656 2179857 1028327 142288224 1061146 0 251874 1134802 0 0 0 0 0 0
   8       0 sda 2697767 1136118 451538036 40064309 553917054 197164959 8814537842 373872501 0 19349636 413936810 0 0 0 0 0 0
   8       1 sda1 65 0 520 53 0 0 0 0 0 55 53 0 0 0 0 0 0
   8       2 sda2 911 1178 333703 10104 75 0 82 24 0 1482 10129 0 0 0 0 0 0
   8       3 sda3 15872 1 1510065 49229 208 15 7896 15 0 19133 49244 0 0 0 0 0 0
   8       4 sda4 501237 645 167491958 15567300 4226512 359560 118072032 1513379 0 3968338 17080680 0 0 0 0 0 0
   8       5 sda5 84 0 6240 214 0 0 0 0 0 206 214 0 0 0 0 0 0
   8       6 sda6 2179513 1134294 282192246 24437132 549690259 196805384 8696457832 372359081 0 22403133 396796213 0 0 0 0 0 0
 253       0 dm-0 260060 0 166987185 9817538 4526384 0 118072032 2331414 0 10285210 12148952 0 0 0 0 0 0
 253       1 dm-1 3312077 0 282189544 46811145 746495643 0 8696457832 1661470456 0 24214378 1708281601 0 0 0 0 0 0
   7       0 loop0 1987 0 11616 365 0 0 0 0 0 310 365 0 0 0 0 0 0
   7       2 loop2 2570 0 14810 378 0 0 0 0 0 278 378 0 0 0 0 0 0
   7       1 loop1 2790 0 20628 829 0 0 0 0 0 814 829 0 0 0 0 0 0
   7       3 loop3 1972 0 11600 357 0 0 0 0 0 262 357 0 0 0 0 0 0
   7       4 loop4 598 0 4686 954 0 0 0 0 0 344 954 0 0 0 0 0 0
   7       5 loop5 1000 0 33472 1101 0 0 0 0 0 1005 1101 0 0 0 0 0 0
   7       6 loop6 73 0 828 192 0 0 0 0 0 165 192 0 0 0 0 0 0
   7       7 loop7 104 0 3142 285 0 0 0 0 0 284 285 0 0 0 0 0 0
   7       8 loop8 39 0 258 93 0 0 0 0 0 88 93 0 0 0 0 0 0
   7       9 loop9 116 0 6708 261 0 0 0 0 0 238 261 0 0 0 0 0 0
 253       2 dm-2 236599 0 9958082 445686 3208184 0 142288224 332101462 0 268171 332547148 0 0 0 0 0 0
   7      10 loop10 69 0 2434 2 0 0 0 0 0 2 2 0 0 0 0 0 0
   7      11 loop11 11 0 28 0 0 0 0 0 0 0 0 0 0 0 0 0 0
TS 1776789815.008682266 2026-04-21 16:43:35
 259       0 nvme0n1 25218 34922 488418 4449 17 13 240 0 0 2896 4450 0 0 0 0 0 0
 259       1 nvme0n1p1 25103 34922 484866 4444 17 13 240 0 0 2998 4444 0 0 0 0 0 0
   8      16 sdb 98924 139534 9965891 73674 2179859 1028327 142288240 1061148 0 240583 1182493 0 0 0 0 1059161 47670
   8      17 sdb1 98792 139534 9960763 73656 2179859 1028327 142288240 1061148 0 251875 1134804 0 0 0 0 0 0
   8       0 sda 2697767 1136118 451538036 40064309 553917203 197165055 8814544450 373872514 0 19349638 413936824 0 0 0 0 0 0
   8       1 sda1 65 0 520 53 0 0 0 0 0 55 53 0 0 0 0 0 0
   8       2 sda2 911 1178 333703 10104 75 0 82 24 0 1482 10129 0 0 0 0 0 0
   8       3 sda3 15872 1 1510065 49229 208 15 7896 15 0 19133 49244 0 0 0 0 0 0
   8       4 sda4 501237 645 167491958 15567300 4226526 359560 118072264 1513380 0 3968338 17080680 0 0 0 0 0 0
   8       5 sda5 84 0 6240 214 0 0 0 0 0 206 214 0 0 0 0 0 0
   8       6 sda6 2179513 1134294 282192246 24437132 549690394 196805480 8696464208 372359094 0 22403135 396796226 0 0 0 0 0 0
 253       0 dm-0 260060 0 166987185 9817538 4526398 0 118072264 2331414 0 10285210 12148952 0 0 0 0 0 0
 253       1 dm-1 3312077 0 282189544 46811145 746495874 0 8696464208 1661470472 0 24214380 1708281617 0 0 0 0 0 0
   7       0 loop0 1987 0 11616 365 0 0 0 0 0 310 365 0 0 0 0 0 0
   7       2 loop2 2570 0 14810 378 0 0 0 0 0 278 378 0 0 0 0 0 0
   7       1 loop1 2790 0 20628 829 0 0 0 0 0 814 829 0 0 0 0 0 0
   7       3 loop3 1972 0 11600 357 0 0 0 0 0 262 357 0 0 0 0 0 0
   7       4 loop4 598 0 4686 954 0 0 0 0 0 344 954 0 0 0 0 0 0
   7       5 loop5 1000 0 33472 1101 0 0 0 0 0 1005 1101 0 0 0 0 0 0
   7       6 loop6 73 0 828 192 0 0 0 0 0 165 192 0 0 0 0 0 0
   7       7 loop7 104 0 3142 285 0 0 0 0 0 284 285 0 0 0 0 0 0
   7       8 loop8 39 0 258 93 0 0 0 0 0 88 93 0 0 0 0 0 0
   7       9 loop9 116 0 6708 261 0 0 0 0 0 238 261 0 0 0 0 0 0
 253       2 dm-2 236599 0 9958082 445686 3208186 0 142288240 332101464 0 268172 332547150 0 0 0 0 0 0
   7      10 loop10 69 0 2434 2 0 0 0 0 0 2 2 0 0 0 0 0 0
   7      11 loop11 11 0 28 0 0 0 0 0 0 0 0 0 0 0 0 0 0
TS 1776789816.009023014 2026-04-21 16:43:36
 259       0 nvme0n1 25218 34922 488418 4449 17 13 240 0 0 2896 4450 0 0 0 0 0 0
 259       1 nvme0n1p1 25103 34922 484866 4444 17 13 240 0 0 2998 4444 0 0 0 0 0 0
   8      16 sdb 98924 139534 9965891 73674 2179859 1028327 142288240 1061148 0 240583 1182493 0 0 0 0 1059161 47670
   8      17 sdb1 98792 139534 9960763 73656 2179859 1028327 142288240 1061148 0 251875 1134804 0 0 0 0 0 0
   8       0 sda 2697767 1136118 451538036 40064309 553917544 197165215 8814555418 373872629 0 19349640 413936939 0 0 0 0 0 0
   8       1 sda1 65 0 520 53 0 0 0 0 0 55 53 0 0 0 0 0 0
   8       2 sda2 911 1178 333703 10104 75 0 82 24 0 1482 10129 0 0 0 0 0 0
   8       3 sda3 15872 1 1510065 49229 208 15 7896 15 0 19133 49244 0 0 0 0 0 0
   8       4 sda4 501237 645 167491958 15567300 4226542 359561 118072528 1513381 0 3968338 17080681 0 0 0 0 0 0
   8       5 sda5 84 0 6240 214 0 0 0 0 0 206 214 0 0 0 0 0 0
   8       6 sda6 2179513 1134294 282192246 24437132 549690719 196805639 8696474912 372359208 0 22403138 396796340 0 0 0 0 0 0
 253       0 dm-0 260060 0 166987185 9817538 4526415 0 118072528 2331414 0 10285347 12148952 0 0 0 0 0 0
 253       1 dm-1 3312077 0 282189544 46811145 746496358 0 8696474912 1661470741 0 24214383 1708281886 0 0 0 0 0 0
   7       0 loop0 1987 0 11616 365 0 0 0 0 0 310 365 0 0 0 0 0 0
   7       2 loop2 2570 0 14810 378 0 0 0 0 0 278 378 0 0 0 0 0 0
   7       1 loop1 2790 0 20628 829 0 0 0 0 0 814 829 0 0 0 0 0 0
   7       3 loop3 1972 0 11600 357 0 0 0 0 0 262 357 0 0 0 0 0 0
   7       4 loop4 598 0 4686 954 0 0 0 0 0 344 954 0 0 0 0 0 0
   7       5 loop5 1000 0 33472 1101 0 0 0 0 0 1005 1101 0 0 0 0 0 0
   7       6 loop6 73 0 828 192 0 0 0 0 0 165 192 0 0 0 0 0 0
   7       7 loop7 104 0 3142 285 0 0 0 0 0 284 285 0 0 0 0 0 0
   7       8 loop8 39 0 258 93 0 0 0 0 0 88 93 0 0 0 0 0 0
   7       9 loop9 116 0 6708 261 0 0 0 0 0 238 261 0 0 0 0 0 0
 253       2 dm-2 236599 0 9958082 445686 3208186 0 142288240 332101464 0 268172 332547150 0 0 0 0 0 0
   7      10 loop10 69 0 2434 2 0 0 0 0 0 2 2 0 0 0 0 0 0
   7      11 loop11 11 0 28 0 0 0 0 0 0 0 0 0 0 0 0 0 0
TS 1776789817.009084008 2026-04-21 16:43:37
 259       0 nvme0n1 25218 34922 488418 4449 17 13 240 0 0 2896 4450 0 0 0 0 0 0
 259       1 nvme0n1p1 25103 34922 484866 4444 17 13 240 0 0 2998 4444 0 0 0 0 0 0
   8      16 sdb 98924 139534 9965891 73674 2179859 1028327 142288240 1061148 0 240583 1182493 0 0 0 0 1059161 47670
   8      17 sdb1 98792 139534 9960763 73656 2179859 1028327 142288240 1061148 0 251875 1134804 0 0 0 0 0 0
   8       0 sda 2697767 1136118 451538036 40064309 553917612 197165275 8814556938 373872639 0 19349642 413936948 0 0 0 0 0 0
   8       1 sda1 65 0 520 53 0 0 0 0 0 55 53 0 0 0 0 0 0
   8       2 sda2 911 1178 333703 10104 75 0 82 24 0 1482 10129 0 0 0 0 0 0
   8       3 sda3 15872 1 1510065 49229 208 15 7896 15 0 19133 49244 0 0 0 0 0 0
   8       4 sda4 501237 645 167491958 15567300 4226558 359561 118072768 1513381 0 3968339 17080682 0 0 0 0 0 0
   8       5 sda5 84 0 6240 214 0 0 0 0 0 206 214 0 0 0 0 0 0
   8       6 sda6 2179513 1134294 282192246 24437132 549690771 196805699 8696476192 372359217 0 22403139 396796349 0 0 0 0 0 0
 253       0 dm-0 260060 0 166987185 9817538 4526431 0 118072768 2331415 0 10285348 12148953 0 0 0 0 0 0
 253       1 dm-1 3312077 0 282189544 46811145 746496470 0 8696476192 1661470815 0 24214384 1708281960 0 0 0 0 0 0
   7       0 loop0 1987 0 11616 365 0 0 0 0 0 310 365 0 0 0 0 0 0
   7       2 loop2 2570 0 14810 378 0 0 0 0 0 278 378 0 0 0 0 0 0
   7       1 loop1 2790 0 20628 829 0 0 0 0 0 814 829 0 0 0 0 0 0
   7       3 loop3 1972 0 11600 357 0 0 0 0 0 262 357 0 0 0 0 0 0
   7       4 loop4 598 0 4686 954 0 0 0 0 0 344 954 0 0 0 0 0 0
   7       5 loop5 1000 0 33472 1101 0 0 0 0 0 1005 1101 0 0 0 0 0 0
   7       6 loop6 73 0 828 192 0 0 0 0 0 165 192 0 0 0 0 0 0
   7       7 loop7 104 0 3142 285 0 0 0 0 0 284 285 0 0 0 0 0 0
   7       8 loop8 39 0 258 93 0 0 0 0 0 88 93 0 0 0 0 0 0
   7       9 loop9 116 0 6708 261 0 0 0 0 0 238 261 0 0 0 0 0 0
 253       2 dm-2 236599 0 9958082 445686 3208186 0 142288240 332101464 0 268172 332547150 0 0 0 0 0 0
   7      10 loop10 69 0 2434 2 0 0 0 0 0 2 2 0 0 0 0 0 0
   7      11 loop11 11 0 28 0 0 0 0 0 0 0 0 0 0 0 0 0 0
TS 1776789818.009228824 2026-04-21 16:43:38
 259       0 nvme0n1 25218 34922 488418 4449 17 13 240 0 0 2896 4450 0 0 0 0 0 0
 259       1 nvme0n1p1 25103 34922 484866 4444 17 13 240 0 0 2998 4444 0 0 0 0 0 0
   8      16 sdb 98924 139534 9965891 73674 2179859 1028327 142288240 1061148 0 240583 1182493 0 0 0 0 1059161 47670
   8      17 sdb1 98792 139534 9960763 73656 2179859 1028327 142288240 1061148 0 251875 1134804 0 0 0 0 0 0
   8       0 sda 2697767 1136118 451538036 40064309 553917793 197165352 8814560282 373872647 0 19349646 413936956 0 0 0 0 0 0
   8       1 sda1 65 0 520 53 0 0 0 0 0 55 53 0 0 0 0 0 0
   8       2 sda2 911 1178 333703 10104 75 0 82 24 0 1482 10129 0 0 0 0 0 0
   8       3 sda3 15872 1 1510065 49229 208 15 7896 15 0 19133 49244 0 0 0 0 0 0
   8       4 sda4 501237 645 167491958 15567300 4226572 359561 118072992 1513382 0 3968339 17080682 0 0 0 0 0 0
   8       5 sda5 84 0 6240 214 0 0 0 0 0 206 214 0 0 0 0 0 0
   8       6 sda6 2179513 1134294 282192246 24437132 549690938 196805776 8696479312 372359225 0 22403143 396796357 0 0 0 0 0 0
 253       0 dm-0 260060 0 166987185 9817538 4526445 0 118072992 2331416 0 10285349 12148954 0 0 0 0 0 0
 253       1 dm-1 3312077 0 282189544 46811145 746496714 0 8696479312 1661470837 0 24214389 1708281982 0 0 0 0 0 0
   7       0 loop0 1987 0 11616 365 0 0 0 0 0 310 365 0 0 0 0 0 0
   7       2 loop2 2570 0 14810 378 0 0 0 0 0 278 378 0 0 0 0 0 0
   7       1 loop1 2790 0 20628 829 0 0 0 0 0 814 829 0 0 0 0 0 0
   7       3 loop3 1972 0 11600 357 0 0 0 0 0 262 357 0 0 0 0 0 0
   7       4 loop4 598 0 4686 954 0 0 0 0 0 344 954 0 0 0 0 0 0
   7       5 loop5 1000 0 33472 1101 0 0 0 0 0 1005 1101 0 0 0 0 0 0
   7       6 loop6 73 0 828 192 0 0 0 0 0 165 192 0 0 0 0 0 0
   7       7 loop7 104 0 3142 285 0 0 0 0 0 284 285 0 0 0 0 0 0
   7       8 loop8 39 0 258 93 0 0 0 0 0 88 93 0 0 0 0 0 0
   7       9 loop9 116 0 6708 261 0 0 0 0 0 238 261 0 0 0 0 0 0
 253       2 dm-2 236599 0 9958082 445686 3208186 0 142288240 332101464 0 268172 332547150 0 0 0 0 0 0
   7      10 loop10 69 0 2434 2 0 0 0 0 0 2 2 0 0 0 0 0 0
   7      11 loop11 11 0 28 0 0 0 0 0 0 0 0 0 0 0 0 0 0
TS 1776789819.008873882 2026-04-21 16:43:39
 259       0 nvme0n1 25218 34922 488418 4449 17 13 240 0 0 2896 4450 0 0 0 0 0 0
 259       1 nvme0n1p1 25103 34922 484866 4444 17 13 240 0 0 2998 4444 0 0 0 0 0 0
   8      16 sdb 98924 139534 9965891 73674 2179863 1028332 142288304 1061148 0 240583 1182493 0 0 0 0 1059164 47670
   8      17 sdb1 98792 139534 9960763 73656 2179863 1028332 142288304 1061148 0 251875 1134805 0 0 0 0 0 0
   8       0 sda 2697767 1136118 451538036 40064309 553917831 197165366 8814561490 373872650 0 19349649 413936959 0 0 0 0 0 0
   8       1 sda1 65 0 520 53 0 0 0 0 0 55 53 0 0 0 0 0 0
   8       2 sda2 911 1178 333703 10104 75 0 82 24 0 1482 10129 0 0 0 0 0 0
   8       3 sda3 15872 1 1510065 49229 208 15 7896 15 0 19133 49244 0 0 0 0 0 0
   8       4 sda4 501237 645 167491958 15567300 4226587 359561 118073224 1513383 0 3968341 17080684 0 0 0 0 0 0
   8       5 sda5 84 0 6240 214 0 0 0 0 0 206 214 0 0 0 0 0 0
   8       6 sda6 2179513 1134294 282192246 24437132 549690961 196805790 8696480288 372359226 0 22403145 396796358 0 0 0 0 0 0
 253       0 dm-0 260060 0 166987185 9817538 4526460 0 118073224 2331418 0 10285351 12148956 0 0 0 0 0 0
 253       1 dm-1 3312077 0 282189544 46811145 746496751 0 8696480288 1661470839 0 24214391 1708281984 0 0 0 0 0 0
   7       0 loop0 1987 0 11616 365 0 0 0 0 0 310 365 0 0 0 0 0 0
   7       2 loop2 2570 0 14810 378 0 0 0 0 0 278 378 0 0 0 0 0 0
   7       1 loop1 2790 0 20628 829 0 0 0 0 0 814 829 0 0 0 0 0 0
   7       3 loop3 1972 0 11600 357 0 0 0 0 0 262 357 0 0 0 0 0 0
   7       4 loop4 598 0 4686 954 0 0 0 0 0 344 954 0 0 0 0 0 0
   7       5 loop5 1000 0 33472 1101 0 0 0 0 0 1005 1101 0 0 0 0 0 0
   7       6 loop6 73 0 828 192 0 0 0 0 0 165 192 0 0 0 0 0 0
   7       7 loop7 104 0 3142 285 0 0 0 0 0 284 285 0 0 0 0 0 0
   7       8 loop8 39 0 258 93 0 0 0 0 0 88 93 0 0 0 0 0 0
   7       9 loop9 116 0 6708 261 0 0 0 0 0 238 261 0 0 0 0 0 0
 253       2 dm-2 236599 0 9958082 445686 3208195 0 142288304 332101464 0 268172 332547150 0 0 0 0 0 0
   7      10 loop10 69 0 2434 2 0 0 0 0 0 2 2 0 0 0 0 0 0
   7      11 loop11 11 0 28 0 0 0 0 0 0 0 0 0 0 0 0 0 0
TS 1776789820.009223110 2026-04-21 16:43:40
 259       0 nvme0n1 25218 34922 488418 4449 17 13 240 0 0 2896 4450 0 0 0 0 0 0
 259       1 nvme0n1p1 25103 34922 484866 4444 17 13 240 0 0 2998 4444 0 0 0 0 0 0
   8      16 sdb 98924 139534 9965891 73674 2179863 1028332 142288304 1061148 0 240583 1182493 0 0 0 0 1059164 47670
   8      17 sdb1 98792 139534 9960763 73656 2179863 1028332 142288304 1061148 0 251875 1134805 0 0 0 0 0 0
   8       0 sda 2697767 1136118 451538036 40064309 553917870 197165482 8814563506 373872652 0 19349650 413936961 0 0 0 0 0 0
   8       1 sda1 65 0 520 53 0 0 0 0 0 55 53 0 0 0 0 0 0
   8       2 sda2 911 1178 333703 10104 75 0 82 24 0 1482 10129 0 0 0 0 0 0
   8       3 sda3 15872 1 1510065 49229 208 15 7896 15 0 19133 49244 0 0 0 0 0 0
   8       4 sda4 501237 645 167491958 15567300 4226601 359561 118073464 1513384 0 3968342 17080684 0 0 0 0 0 0
   8       5 sda5 84 0 6240 214 0 0 0 0 0 206 214 0 0 0 0 0 0
   8       6 sda6 2179513 1134294 282192246 24437132 549690986 196805906 8696482064 372359228 0 22403145 396796360 0 0 0 0 0 0
 253       0 dm-0 260060 0 166987185 9817538 4526474 0 118073464 2331419 0 10285352 12148957 0 0 0 0 0 0
 253       1 dm-1 3312077 0 282189544 46811145 746496892 0 8696482064 1661470840 0 24214392 1708281985 0 0 0 0 0 0
   7       0 loop0 1987 0 11616 365 0 0 0 0 0 310 365 0 0 0 0 0 0
   7       2 loop2 2570 0 14810 378 0 0 0 0 0 278 378 0 0 0 0 0 0
   7       1 loop1 2790 0 20628 829 0 0 0 0 0 814 829 0 0 0 0 0 0
   7       3 loop3 1972 0 11600 357 0 0 0 0 0 262 357 0 0 0 0 0 0
   7       4 loop4 598 0 4686 954 0 0 0 0 0 344 954 0 0 0 0 0 0
   7       5 loop5 1000 0 33472 1101 0 0 0 0 0 1005 1101 0 0 0 0 0 0
   7       6 loop6 73 0 828 192 0 0 0 0 0 165 192 0 0 0 0 0 0
   7       7 loop7 104 0 3142 285 0 0 0 0 0 284 285 0 0 0 0 0 0
   7       8 loop8 39 0 258 93 0 0 0 0 0 88 93 0 0 0 0 0 0
   7       9 loop9 116 0 6708 261 0 0 0 0 0 238 261 0 0 0 0 0 0
 253       2 dm-2 236599 0 9958082 445686 3208195 0 142288304 332101464 0 268172 332547150 0 0 0 0 0 0
   7      10 loop10 69 0 2434 2 0 0 0 0 0 2 2 0 0 0 0 0 0
   7      11 loop11 11 0 28 0 0 0 0 0 0 0 0 0 0 0 0 0 0
TS 1776789821.009106492 2026-04-21 16:43:41
 259       0 nvme0n1 25218 34922 488418 4449 17 13 240 0 0 2896 4450 0 0 0 0 0 0
 259       1 nvme0n1p1 25103 34922 484866 4444 17 13 240 0 0 2998 4444 0 0 0 0 0 0
   8      16 sdb 98924 139534 9965891 73674 2179863 1028332 142288304 1061148 0 240583 1182493 0 0 0 0 1059164 47670
   8      17 sdb1 98792 139534 9960763 73656 2179863 1028332 142288304 1061148 0 251875 1134805 0 0 0 0 0 0
   8       0 sda 2697767 1136118 451538036 40064309 553917920 197165521 8814564658 373872656 0 19349651 413936965 0 0 0 0 0 0
   8       1 sda1 65 0 520 53 0 0 0 0 0 55 53 0 0 0 0 0 0
   8       2 sda2 911 1178 333703 10104 75 0 82 24 0 1482 10129 0 0 0 0 0 0
   8       3 sda3 15872 1 1510065 49229 208 15 7896 15 0 19133 49244 0 0 0 0 0 0
   8       4 sda4 501237 645 167491958 15567300 4226615 359561 118073688 1513384 0 3968342 17080685 0 0 0 0 0 0
   8       5 sda5 84 0 6240 214 0 0 0 0 0 206 214 0 0 0 0 0 0
   8       6 sda6 2179513 1134294 282192246 24437132 549691022 196805945 8696482992 372359231 0 22403146 396796363 0 0 0 0 0 0
 253       0 dm-0 260060 0 166987185 9817538 4526488 0 118073688 2331419 0 10285352 12148957 0 0 0 0 0 0
 253       1 dm-1 3312077 0 282189544 46811145 746496967 0 8696482992 1661470842 0 24214393 1708281987 0 0 0 0 0 0
   7       0 loop0 1987 0 11616 365 0 0 0 0 0 310 365 0 0 0 0 0 0
   7       2 loop2 2570 0 14810 378 0 0 0 0 0 278 378 0 0 0 0 0 0
   7       1 loop1 2790 0 20628 829 0 0 0 0 0 814 829 0 0 0 0 0 0
   7       3 loop3 1972 0 11600 357 0 0 0 0 0 262 357 0 0 0 0 0 0
   7       4 loop4 598 0 4686 954 0 0 0 0 0 344 954 0 0 0 0 0 0
   7       5 loop5 1000 0 33472 1101 0 0 0 0 0 1005 1101 0 0 0 0 0 0
   7       6 loop6 73 0 828 192 0 0 0 0 0 165 192 0 0 0 0 0 0
   7       7 loop7 104 0 3142 285 0 0 0 0 0 284 285 0 0 0 0 0 0
   7       8 loop8 39 0 258 93 0 0 0 0 0 88 93 0 0 0 0 0 0
   7       9 loop9 116 0 6708 261 0 0 0 0 0 238 261 0 0 0 0 0 0
 253       2 dm-2 236599 0 9958082 445686 3208195 0 142288304 332101464 0 268172 332547150 0 0 0 0 0 0
   7      10 loop10 69 0 2434 2 0 0 0 0 0 2 2 0 0 0 0 0 0
   7      11 loop11 11 0 28 0 0 0 0 0 0 0 0 0 0 0 0 0 0
TS 1776789822.009148517 2026-04-21 16:43:42
 259       0 nvme0n1 25218 34922 488418 4449 17 13 240 0 0 2896 4450 0 0 0 0 0 0
 259       1 nvme0n1p1 25103 34922 484866 4444 17 13 240 0 0 2998 4444 0 0 0 0 0 0
   8      16 sdb 98924 139534 9965891 73674 2179863 1028332 142288304 1061148 0 240583 1182493 0 0 0 0 1059164 47670
   8      17 sdb1 98792 139534 9960763 73656 2179863 1028332 142288304 1061148 0 251875 1134805 0 0 0 0 0 0
   8       0 sda 2697767 1136118 451538036 40064309 553918244 197165618 8814570186 373872821 0 19349655 413937130 0 0 0 0 0 0
   8       1 sda1 65 0 520 53 0 0 0 0 0 55 53 0 0 0 0 0 0
   8       2 sda2 911 1178 333703 10104 75 0 82 24 0 1482 10129 0 0 0 0 0 0
   8       3 sda3 15872 1 1510065 49229 208 15 7896 15 0 19133 49244 0 0 0 0 0 0
   8       4 sda4 501237 645 167491958 15567300 4226673 359570 118075736 1513398 0 3968342 17080698 0 0 0 0 0 0
   8       5 sda5 84 0 6240 214 0 0 0 0 0 206 214 0 0 0 0 0 0
   8       6 sda6 2179513 1134294 282192246 24437132 549691288 196806033 8696486472 372359382 1 22403150 396796514 0 0 0 0 0 0
 253       0 dm-0 260060 0 166987185 9817538 4526554 0 118075736 2331419 0 10285352 12148957 0 0 0 0 0 0
 253       1 dm-1 3312077 0 282189544 46811145 746497321 0 8696486472 1661471073 1 24214397 1708282218 0 0 0 0 0 0
   7       0 loop0 1987 0 11616 365 0 0 0 0 0 310 365 0 0 0 0 0 0
   7       2 loop2 2570 0 14810 378 0 0 0 0 0 278 378 0 0 0 0 0 0
   7       1 loop1 2790 0 20628 829 0 0 0 0 0 814 829 0 0 0 0 0 0
   7       3 loop3 1972 0 11600 357 0 0 0 0 0 262 357 0 0 0 0 0 0
   7       4 loop4 598 0 4686 954 0 0 0 0 0 344 954 0 0 0 0 0 0
   7       5 loop5 1000 0 33472 1101 0 0 0 0 0 1005 1101 0 0 0 0 0 0
   7       6 loop6 73 0 828 192 0 0 0 0 0 165 192 0 0 0 0 0 0
   7       7 loop7 104 0 3142 285 0 0 0 0 0 284 285 0 0 0 0 0 0
   7       8 loop8 39 0 258 93 0 0 0 0 0 88 93 0 0 0 0 0 0
   7       9 loop9 116 0 6708 261 0 0 0 0 0 238 261 0 0 0 0 0 0
 253       2 dm-2 236599 0 9958082 445686 3208195 0 142288304 332101464 0 268172 332547150 0 0 0 0 0 0
   7      10 loop10 69 0 2434 2 0 0 0 0 0 2 2 0 0 0 0 0 0
   7      11 loop11 11 0 28 0 0 0 0 0 0 0 0 0 0 0 0 0 0
TS 1776789823.008909778 2026-04-21 16:43:43
 259       0 nvme0n1 25218 34922 488418 4449 17 13 240 0 0 2896 4450 0 0 0 0 0 0
 259       1 nvme0n1p1 25103 34922 484866 4444 17 13 240 0 0 2998 4444 0 0 0 0 0 0
   8      16 sdb 98924 139534 9965891 73674 2179863 1028332 142288304 1061148 0 240583 1182493 0 0 0 0 1059164 47670
   8      17 sdb1 98792 139534 9960763 73656 2179863 1028332 142288304 1061148 0 251875 1134805 0 0 0 0 0 0
   8       0 sda 2697767 1136118 451538036 40064309 553918607 197165790 8814584122 373872944 0 19349658 413937253 0 0 0 0 0 0
   8       1 sda1 65 0 520 53 0 0 0 0 0 55 53 0 0 0 0 0 0
   8       2 sda2 911 1178 333703 10104 75 0 82 24 0 1482 10129 0 0 0 0 0 0
   8       3 sda3 15872 1 1510065 49229 208 15 7896 15 0 19133 49244 0 0 0 0 0 0
   8       4 sda4 501237 645 167491958 15567300 4226687 359570 118075960 1513398 0 3968342 17080699 0 0 0 0 0 0
   8       5 sda5 84 0 6240 214 0 0 0 0 0 206 214 0 0 0 0 0 0
   8       6 sda6 2179513 1134294 282192246 24437132 549691637 196806205 8696500184 372359505 0 22403154 396796637 0 0 0 0 0 0
 253       0 dm-0 260060 0 166987185 9817538 4526568 0 118075960 2331419 0 10285352 12148957 0 0 0 0 0 0
 253       1 dm-1 3312077 0 282189544 46811145 746497842 0 8696500184 1661471234 0 24214401 1708282379 0 0 0 0 0 0
   7       0 loop0 1987 0 11616 365 0 0 0 0 0 310 365 0 0 0 0 0 0
   7       2 loop2 2570 0 14810 378 0 0 0 0 0 278 378 0 0 0 0 0 0
   7       1 loop1 2790 0 20628 829 0 0 0 0 0 814 829 0 0 0 0 0 0
   7       3 loop3 1972 0 11600 357 0 0 0 0 0 262 357 0 0 0 0 0 0
   7       4 loop4 598 0 4686 954 0 0 0 0 0 344 954 0 0 0 0 0 0
   7       5 loop5 1000 0 33472 1101 0 0 0 0 0 1005 1101 0 0 0 0 0 0
   7       6 loop6 73 0 828 192 0 0 0 0 0 165 192 0 0 0 0 0 0
   7       7 loop7 104 0 3142 285 0 0 0 0 0 284 285 0 0 0 0 0 0
   7       8 loop8 39 0 258 93 0 0 0 0 0 88 93 0 0 0 0 0 0
   7       9 loop9 116 0 6708 261 0 0 0 0 0 238 261 0 0 0 0 0 0
 253       2 dm-2 236599 0 9958082 445686 3208195 0 142288304 332101464 0 268172 332547150 0 0 0 0 0 0
   7      10 loop10 69 0 2434 2 0 0 0 0 0 2 2 0 0 0 0 0 0
   7      11 loop11 11 0 28 0 0 0 0 0 0 0 0 0 0 0 0 0 0
TS 1776789824.009251464 2026-04-21 16:43:44
 259       0 nvme0n1 25218 34922 488418 4449 17 13 240 0 0 2896 4450 0 0 0 0 0 0
 259       1 nvme0n1p1 25103 34922 484866 4444 17 13 240 0 0 2998 4444 0 0 0 0 0 0
   8      16 sdb 98924 139534 9965891 73674 2179869 1028332 142288344 1061149 0 240583 1182494 0 0 0 0 1059167 47670
   8      17 sdb1 98792 139534 9960763 73656 2179869 1028332 142288344 1061149 0 251875 1134805 0 0 0 0 0 0
   8       0 sda 2697767 1136118 451538036 40064309 553918706 197165831 8814586938 373872960 0 19349660 413937269 0 0 0 0 0 0
   8       1 sda1 65 0 520 53 0 0 0 0 0 55 53 0 0 0 0 0 0
   8       2 sda2 911 1178 333703 10104 75 0 82 24 0 1482 10129 0 0 0 0 0 0
   8       3 sda3 15872 1 1510065 49229 208 15 7896 15 0 19133 49244 0 0 0 0 0 0
   8       4 sda4 501237 645 167491958 15567300 4226701 359570 118076192 1513399 0 3968343 17080699 0 0 0 0 0 0
   8       5 sda5 84 0 6240 214 0 0 0 0 0 206 214 0 0 0 0 0 0
   8       6 sda6 2179513 1134294 282192246 24437132 549691722 196806246 8696502768 372359520 0 22403156 396796652 0 0 0 0 0 0
 253       0 dm-0 260060 0 166987185 9817538 4526582 0 118076192 2331420 0 10285353 12148958 0 0 0 0 0 0
 253       1 dm-1 3312077 0 282189544 46811145 746497968 0 8696502768 1661471280 0 24214403 1708282425 0 0 0 0 0 0
   7       0 loop0 1987 0 11616 365 0 0 0 0 0 310 365 0 0 0 0 0 0
   7       2 loop2 2570 0 14810 378 0 0 0 0 0 278 378 0 0 0 0 0 0
   7       1 loop1 2790 0 20628 829 0 0 0 0 0 814 829 0 0 0 0 0 0
   7       3 loop3 1972 0 11600 357 0 0 0 0 0 262 357 0 0 0 0 0 0
   7       4 loop4 598 0 4686 954 0 0 0 0 0 344 954 0 0 0 0 0 0
   7       5 loop5 1000 0 33472 1101 0 0 0 0 0 1005 1101 0 0 0 0 0 0
   7       6 loop6 73 0 828 192 0 0 0 0 0 165 192 0 0 0 0 0 0
   7       7 loop7 104 0 3142 285 0 0 0 0 0 284 285 0 0 0 0 0 0
   7       8 loop8 39 0 258 93 0 0 0 0 0 88 93 0 0 0 0 0 0
   7       9 loop9 116 0 6708 261 0 0 0 0 0 238 261 0 0 0 0 0 0
 253       2 dm-2 236599 0 9958082 445686 3208201 0 142288344 332101464 0 268172 332547150 0 0 0 0 0 0
   7      10 loop10 69 0 2434 2 0 0 0 0 0 2 2 0 0 0 0 0 0
   7      11 loop11 11 0 28 0 0 0 0 0 0 0 0 0 0 0 0 0 0
TS 1776789825.008753655 2026-04-21 16:43:45
 259       0 nvme0n1 25218 34922 488418 4449 17 13 240 0 0 2896 4450 0 0 0 0 0 0
 259       1 nvme0n1p1 25103 34922 484866 4444 17 13 240 0 0 2998 4444 0 0 0 0 0 0
   8      16 sdb 98924 139534 9965891 73674 2179869 1028332 142288344 1061149 0 240583 1182494 0 0 0 0 1059167 47670
   8      17 sdb1 98792 139534 9960763 73656 2179869 1028332 142288344 1061149 0 251875 1134805 0 0 0 0 0 0
   8       0 sda 2697767 1136118 451538036 40064309 553918739 197165874 8814587986 373872961 0 19349662 413937270 0 0 0 0 0 0
   8       1 sda1 65 0 520 53 0 0 0 0 0 55 53 0 0 0 0 0 0
   8       2 sda2 911 1178 333703 10104 75 0 82 24 0 1482 10129 0 0 0 0 0 0
   8       3 sda3 15872 1 1510065 49229 208 15 7896 15 0 19133 49244 0 0 0 0 0 0
   8       4 sda4 501237 645 167491958 15567300 4226715 359570 118076424 1513400 0 3968344 17080700 0 0 0 0 0 0
   8       5 sda5 84 0 6240 214 0 0 0 0 0 206 214 0 0 0 0 0 0
   8       6 sda6 2179513 1134294 282192246 24437132 549691741 196806289 8696503584 372359521 0 22403157 396796653 0 0 0 0 0 0
 253       0 dm-0 260060 0 166987185 9817538 4526596 0 118076424 2331423 0 10285354 12148961 0 0 0 0 0 0
 253       1 dm-1 3312077 0 282189544 46811145 746498030 0 8696503584 1661471288 0 24214407 1708282433 0 0 0 0 0 0
   7       0 loop0 1987 0 11616 365 0 0 0 0 0 310 365 0 0 0 0 0 0
   7       2 loop2 2570 0 14810 378 0 0 0 0 0 278 378 0 0 0 0 0 0
   7       1 loop1 2790 0 20628 829 0 0 0 0 0 814 829 0 0 0 0 0 0
   7       3 loop3 1972 0 11600 357 0 0 0 0 0 262 357 0 0 0 0 0 0
   7       4 loop4 598 0 4686 954 0 0 0 0 0 344 954 0 0 0 0 0 0
   7       5 loop5 1000 0 33472 1101 0 0 0 0 0 1005 1101 0 0 0 0 0 0
   7       6 loop6 73 0 828 192 0 0 0 0 0 165 192 0 0 0 0 0 0
   7       7 loop7 104 0 3142 285 0 0 0 0 0 284 285 0 0 0 0 0 0
   7       8 loop8 39 0 258 93 0 0 0 0 0 88 93 0 0 0 0 0 0
   7       9 loop9 116 0 6708 261 0 0 0 0 0 238 261 0 0 0 0 0 0
 253       2 dm-2 236599 0 9958082 445686 3208201 0 142288344 332101464 0 268172 332547150 0 0 0 0 0 0
   7      10 loop10 69 0 2434 2 0 0 0 0 0 2 2 0 0 0 0 0 0
   7      11 loop11 11 0 28 0 0 0 0 0 0 0 0 0 0 0 0 0 0
TS 1776789826.008950117 2026-04-21 16:43:46
 259       0 nvme0n1 25218 34922 488418 4449 17 13 240 0 0 2896 4450 0 0 0 0 0 0
 259       1 nvme0n1p1 25103 34922 484866 4444 17 13 240 0 0 2998 4444 0 0 0 0 0 0
   8      16 sdb 98924 139534 9965891 73674 2179869 1028332 142288344 1061149 0 240583 1182494 0 0 0 0 1059167 47670
   8      17 sdb1 98792 139534 9960763 73656 2179869 1028332 142288344 1061149 0 251875 1134805 0 0 0 0 0 0
   8       0 sda 2697767 1136118 451538036 40064309 553918783 197165904 8814588994 373872964 0 19349663 413937273 0 0 0 0 0 0
   8       1 sda1 65 0 520 53 0 0 0 0 0 55 53 0 0 0 0 0 0
   8       2 sda2 911 1178 333703 10104 75 0 82 24 0 1482 10129 0 0 0 0 0 0
   8       3 sda3 15872 1 1510065 49229 208 15 7896 15 0 19133 49244 0 0 0 0 0 0
   8       4 sda4 501237 645 167491958 15567300 4226730 359570 118076656 1513400 0 3968345 17080700 0 0 0 0 0 0
   8       5 sda5 84 0 6240 214 0 0 0 0 0 206 214 0 0 0 0 0 0
   8       6 sda6 2179513 1134294 282192246 24437132 549691770 196806319 8696504360 372359523 0 22403157 396796655 0 0 0 0 0 0
 253       0 dm-0 260060 0 166987185 9817538 4526611 0 118076656 2331424 0 10285355 12148962 0 0 0 0 0 0
 253       1 dm-1 3312077 0 282189544 46811145 746498089 0 8696504360 1661471288 0 24214407 1708282433 0 0 0 0 0 0
   7       0 loop0 1987 0 11616 365 0 0 0 0 0 310 365 0 0 0 0 0 0
   7       2 loop2 2570 0 14810 378 0 0 0 0 0 278 378 0 0 0 0 0 0
   7       1 loop1 2790 0 20628 829 0 0 0 0 0 814 829 0 0 0 0 0 0
   7       3 loop3 1972 0 11600 357 0 0 0 0 0 262 357 0 0 0 0 0 0
   7       4 loop4 598 0 4686 954 0 0 0 0 0 344 954 0 0 0 0 0 0
   7       5 loop5 1000 0 33472 1101 0 0 0 0 0 1005 1101 0 0 0 0 0 0
   7       6 loop6 73 0 828 192 0 0 0 0 0 165 192 0 0 0 0 0 0
   7       7 loop7 104 0 3142 285 0 0 0 0 0 284 285 0 0 0 0 0 0
   7       8 loop8 39 0 258 93 0 0 0 0 0 88 93 0 0 0 0 0 0
   7       9 loop9 116 0 6708 261 0 0 0 0 0 238 261 0 0 0 0 0 0
 253       2 dm-2 236599 0 9958082 445686 3208201 0 142288344 332101464 0 268172 332547150 0 0 0 0 0 0
   7      10 loop10 69 0 2434 2 0 0 0 0 0 2 2 0 0 0 0 0 0
   7      11 loop11 11 0 28 0 0 0 0 0 0 0 0 0 0 0 0 0 0
TS 1776789827.008954429 2026-04-21 16:43:47
 259       0 nvme0n1 25218 34922 488418 4449 17 13 240 0 0 2896 4450 0 0 0 0 0 0
 259       1 nvme0n1p1 25103 34922 484866 4444 17 13 240 0 0 2998 4444 0 0 0 0 0 0
   8      16 sdb 98924 139534 9965891 73674 2179869 1028332 142288344 1061149 0 240583 1182494 0 0 0 0 1059167 47670
   8      17 sdb1 98792 139534 9960763 73656 2179869 1028332 142288344 1061149 0 251875 1134805 0 0 0 0 0 0
   8       0 sda 2697767 1136118 451538036 40064309 553918834 197165935 8814590154 373872968 0 19349664 413937277 0 0 0 0 0 0
   8       1 sda1 65 0 520 53 0 0 0 0 0 55 53 0 0 0 0 0 0
   8       2 sda2 911 1178 333703 10104 75 0 82 24 0 1482 10129 0 0 0 0 0 0
   8       3 sda3 15872 1 1510065 49229 208 15 7896 15 0 19133 49244 0 0 0 0 0 0
   8       4 sda4 501237 645 167491958 15567300 4226746 359570 118076904 1513401 0 3968345 17080701 0 0 0 0 0 0
   8       5 sda5 84 0 6240 214 0 0 0 0 0 206 214 0 0 0 0 0 0
   8       6 sda6 2179513 1134294 282192246 24437132 549691805 196806350 8696505272 372359527 0 22403158 396796659 0 0 0 0 0 0
 253       0 dm-0 260060 0 166987185 9817538 4526627 0 118076904 2331424 0 10285355 12148962 0 0 0 0 0 0
 253       1 dm-1 3312077 0 282189544 46811145 746498155 0 8696505272 1661471290 0 24214409 1708282435 0 0 0 0 0 0
   7       0 loop0 1987 0 11616 365 0 0 0 0 0 310 365 0 0 0 0 0 0
   7       2 loop2 2570 0 14810 378 0 0 0 0 0 278 378 0 0 0 0 0 0
   7       1 loop1 2790 0 20628 829 0 0 0 0 0 814 829 0 0 0 0 0 0
   7       3 loop3 1972 0 11600 357 0 0 0 0 0 262 357 0 0 0 0 0 0
   7       4 loop4 598 0 4686 954 0 0 0 0 0 344 954 0 0 0 0 0 0
   7       5 loop5 1000 0 33472 1101 0 0 0 0 0 1005 1101 0 0 0 0 0 0
   7       6 loop6 73 0 828 192 0 0 0 0 0 165 192 0 0 0 0 0 0
   7       7 loop7 104 0 3142 285 0 0 0 0 0 284 285 0 0 0 0 0 0
   7       8 loop8 39 0 258 93 0 0 0 0 0 88 93 0 0 0 0 0 0
   7       9 loop9 116 0 6708 261 0 0 0 0 0 238 261 0 0 0 0 0 0
 253       2 dm-2 236599 0 9958082 445686 3208201 0 142288344 332101464 0 268172 332547150 0 0 0 0 0 0
   7      10 loop10 69 0 2434 2 0 0 0 0 0 2 2 0 0 0 0 0 0
   7      11 loop11 11 0 28 0 0 0 0 0 0 0 0 0 0 0 0 0 0
TS 1776789828.009154469 2026-04-21 16:43:48
 259       0 nvme0n1 25218 34922 488418 4449 17 13 240 0 0 2896 4450 0 0 0 0 0 0
 259       1 nvme0n1p1 25103 34922 484866 4444 17 13 240 0 0 2998 4444 0 0 0 0 0 0
   8      16 sdb 98924 139534 9965891 73674 2179869 1028332 142288344 1061149 0 240583 1182494 0 0 0 0 1059167 47670
   8      17 sdb1 98792 139534 9960763 73656 2179869 1028332 142288344 1061149 0 251875 1134805 0 0 0 0 0 0
   8       0 sda 2697780 1136118 451538140 40064406 553919409 197166256 8814600218 373873112 0 19349764 413937518 0 0 0 0 0 0
   8       1 sda1 65 0 520 53 0 0 0 0 0 55 53 0 0 0 0 0 0
   8       2 sda2 911 1178 333703 10104 75 0 82 24 0 1482 10129 0 0 0 0 0 0
   8       3 sda3 15872 1 1510065 49229 208 15 7896 15 0 19133 49244 0 0 0 0 0 0
   8       4 sda4 501237 645 167491958 15567300 4226760 359570 118077144 1513401 0 3968345 17080702 0 0 0 0 0 0
   8       5 sda5 84 0 6240 214 0 0 0 0 0 206 214 0 0 0 0 0 0
   8       6 sda6 2179526 1134294 282192350 24437229 549692366 196806671 8696515096 372359670 0 22403258 396796899 0 0 0 0 0 0
 253       0 dm-0 260060 0 166987185 9817538 4526641 0 118077144 2331424 0 10285355 12148962 0 0 0 0 0 0
 253       1 dm-1 3312090 0 282189648 46811242 746499037 0 8696515096 1661471468 0 24214511 1708282710 0 0 0 0 0 0
   7       0 loop0 1987 0 11616 365 0 0 0 0 0 310 365 0 0 0 0 0 0
   7       2 loop2 2570 0 14810 378 0 0 0 0 0 278 378 0 0 0 0 0 0
   7       1 loop1 2790 0 20628 829 0 0 0 0 0 814 829 0 0 0 0 0 0
   7       3 loop3 1972 0 11600 357 0 0 0 0 0 262 357 0 0 0 0 0 0
   7       4 loop4 598 0 4686 954 0 0 0 0 0 344 954 0 0 0 0 0 0
   7       5 loop5 1000 0 33472 1101 0 0 0 0 0 1005 1101 0 0 0 0 0 0
   7       6 loop6 73 0 828 192 0 0 0 0 0 165 192 0 0 0 0 0 0
   7       7 loop7 104 0 3142 285 0 0 0 0 0 284 285 0 0 0 0 0 0
   7       8 loop8 39 0 258 93 0 0 0 0 0 88 93 0 0 0 0 0 0
   7       9 loop9 116 0 6708 261 0 0 0 0 0 238 261 0 0 0 0 0 0
 253       2 dm-2 236599 0 9958082 445686 3208201 0 142288344 332101464 0 268172 332547150 0 0 0 0 0 0
   7      10 loop10 69 0 2434 2 0 0 0 0 0 2 2 0 0 0 0 0 0
   7      11 loop11 11 0 28 0 0 0 0 0 0 0 0 0 0 0 0 0 0
TS 1776789829.009224758 2026-04-21 16:43:49
 259       0 nvme0n1 25218 34922 488418 4449 17 13 240 0 0 2896 4450 0 0 0 0 0 0
 259       1 nvme0n1p1 25103 34922 484866 4444 17 13 240 0 0 2998 4444 0 0 0 0 0 0
   8      16 sdb 98924 139534 9965891 73674 2179873 1028334 142288384 1061149 0 240583 1182494 0 0 0 0 1059170 47671
   8      17 sdb1 98792 139534 9960763 73656 2179873 1028334 142288384 1061149 0 251875 1134806 0 0 0 0 0 0
   8       0 sda 2697780 1136118 451538140 40064406 553919488 197166282 8814604898 373873120 0 19349765 413937526 0 0 0 0 0 0
   8       1 sda1 65 0 520 53 0 0 0 0 0 55 53 0 0 0 0 0 0
   8       2 sda2 911 1178 333703 10104 75 0 82 24 0 1482 10129 0 0 0 0 0 0
   8       3 sda3 15872 1 1510065 49229 208 15 7896 15 0 19133 49244 0 0 0 0 0 0
   8       4 sda4 501237 645 167491958 15567300 4226774 359570 118077368 1513402 0 3968346 17080702 0 0 0 0 0 0
   8       5 sda5 84 0 6240 214 0 0 0 0 0 206 214 0 0 0 0 0 0
   8       6 sda6 2179526 1134294 282192350 24437229 549692431 196806697 8696519552 372359677 0 22403258 396796906 0 0 0 0 0 0
 253       0 dm-0 260060 0 166987185 9817538 4526655 0 118077368 2331427 0 10285356 12148965 0 0 0 0 0 0
 253       1 dm-1 3312090 0 282189648 46811242 746499128 0 8696519552 1661471468 0 24214511 1708282710 0 0 0 0 0 0
   7       0 loop0 1987 0 11616 365 0 0 0 0 0 310 365 0 0 0 0 0 0
   7       2 loop2 2570 0 14810 378 0 0 0 0 0 278 378 0 0 0 0 0 0
   7       1 loop1 2790 0 20628 829 0 0 0 0 0 814 829 0 0 0 0 0 0
   7       3 loop3 1972 0 11600 357 0 0 0 0 0 262 357 0 0 0 0 0 0
   7       4 loop4 598 0 4686 954 0 0 0 0 0 344 954 0 0 0 0 0 0
   7       5 loop5 1000 0 33472 1101 0 0 0 0 0 1005 1101 0 0 0 0 0 0
   7       6 loop6 73 0 828 192 0 0 0 0 0 165 192 0 0 0 0 0 0
   7       7 loop7 104 0 3142 285 0 0 0 0 0 284 285 0 0 0 0 0 0
   7       8 loop8 39 0 258 93 0 0 0 0 0 88 93 0 0 0 0 0 0
   7       9 loop9 116 0 6708 261 0 0 0 0 0 238 261 0 0 0 0 0 0
 253       2 dm-2 236599 0 9958082 445686 3208207 0 142288384 332101464 0 268172 332547150 0 0 0 0 0 0
   7      10 loop10 69 0 2434 2 0 0 0 0 0 2 2 0 0 0 0 0 0
   7      11 loop11 11 0 28 0 0 0 0 0 0 0 0 0 0 0 0 0 0
TS 1776789830.009015615 2026-04-21 16:43:50
 259       0 nvme0n1 25218 34922 488418 4449 17 13 240 0 0 2896 4450 0 0 0 0 0 0
 259       1 nvme0n1p1 25103 34922 484866 4444 17 13 240 0 0 2998 4444 0 0 0 0 0 0
   8      16 sdb 98924 139534 9965891 73674 2179884 1028334 142288472 1061150 0 240583 1182496 0 0 0 0 1059170 47671
   8      17 sdb1 98792 139534 9960763 73656 2179884 1028334 142288472 1061150 0 251875 1134807 0 0 0 0 0 0
   8       0 sda 2697780 1136118 451538140 40064406 553919545 197166316 8814606954 373873124 0 19349768 413937530 0 0 0 0 0 0
   8       1 sda1 65 0 520 53 0 0 0 0 0 55 53 0 0 0 0 0 0
   8       2 sda2 911 1178 333703 10104 75 0 82 24 0 1482 10129 0 0 0 0 0 0
   8       3 sda3 15872 1 1510065 49229 208 15 7896 15 0 19133 49244 0 0 0 0 0 0
   8       4 sda4 501237 645 167491958 15567300 4226788 359570 118077600 1513402 0 3968347 17080702 0 0 0 0 0 0
   8       5 sda5 84 0 6240 214 0 0 0 0 0 206 214 0 0 0 0 0 0
   8       6 sda6 2179526 1134294 282192350 24437229 549692474 196806731 8696521376 372359681 0 22403260 396796910 0 0 0 0 0 0
 253       0 dm-0 260060 0 166987185 9817538 4526669 0 118077600 2331428 0 10285357 12148966 0 0 0 0 0 0
 253       1 dm-1 3312090 0 282189648 46811242 746499205 0 8696521376 1661471471 0 24214513 1708282713 0 0 0 0 0 0
   7       0 loop0 1987 0 11616 365 0 0 0 0 0 310 365 0 0 0 0 0 0
   7       2 loop2 2570 0 14810 378 0 0 0 0 0 278 378 0 0 0 0 0 0
   7       1 loop1 2790 0 20628 829 0 0 0 0 0 814 829 0 0 0 0 0 0
   7       3 loop3 1972 0 11600 357 0 0 0 0 0 262 357 0 0 0 0 0 0
   7       4 loop4 598 0 4686 954 0 0 0 0 0 344 954 0 0 0 0 0 0
   7       5 loop5 1000 0 33472 1101 0 0 0 0 0 1005 1101 0 0 0 0 0 0
   7       6 loop6 73 0 828 192 0 0 0 0 0 165 192 0 0 0 0 0 0
   7       7 loop7 104 0 3142 285 0 0 0 0 0 284 285 0 0 0 0 0 0
   7       8 loop8 39 0 258 93 0 0 0 0 0 88 93 0 0 0 0 0 0
   7       9 loop9 116 0 6708 261 0 0 0 0 0 238 261 0 0 0 0 0 0
 253       2 dm-2 236599 0 9958082 445686 3208218 0 142288472 332101464 0 268172 332547150 0 0 0 0 0 0
   7      10 loop10 69 0 2434 2 0 0 0 0 0 2 2 0 0 0 0 0 0
   7      11 loop11 11 0 28 0 0 0 0 0 0 0 0 0 0 0 0 0 0
